a
256
0.7273814764769352
0.08038019450179813
0.7053092642940009
0.013874898621320839
0.6631777343961852
0.016706927002799663
0.9834697975768452
0.0011928958325568102
0.8874526902140477
0.004709941280117205
0.5805396682778732
0.016831514162488726
0.6067406871296039
0.008022137266547831
0.857834111941248
0.0038808199458379446
0.44885402200948094
0.02214714986295712
0.4575481119639834
0.008880179638571576
0.7344657393177945
0.005944600949765328
0.7216697914084166
0.005009921980290622
0.44652131230923897
0.015533211252942176
0.4425899122409529
0.025764517424762413
0.7243580236298448
0.010909767412934533
0.4236519220341018
0.033927737981804075
0.488455843368586
0.01711310992220988
0.7154921850742174
0.01577291420707195
0.6550714100690482
0.008905395303874594
0.5601610016923588
0.01172565654976673
0.6451314552595366
0.025039845298319003
0.8232791081980153
0.009330758060238333
0.5062702851975684
0.028073642614026506
0.494006784164324
0.025105451648322025
0.8901152543636979
0.003200238510466094
0.7423037224181239
0.014802539474870835
0.5003143975592244
0.019073934756962986
0.6077785650992584
0.018786143459815604
0.7658924792974467
0.007665851914320744
0.45818743862237377
0.024731203926524385
0.4290379996541282
0.02457024513650346
0.7800658714290567
0.007436043269805588
0.6533233227273272
0.022852553154121606
0.5004583278991949
0.016445716510676216
0.5643704036181146
0.026083200517297005
0.7502800556006936
0.010569262379850695
0.469719988992965
0.025424784194576937
0.5137427281838174
0.02661893170707489
0.7954154971139319
0.010416291351550259
0.6449069227340748
0.030079684302230007
0.520178528112013
0.027691140878416926
0.6405072824085748
0.01983904567208581
0.7458226442632729
0.013998821888203592
0.5129465911965255
0.018119192434474147
0.5355136805191638
0.02828051009676924
0.7896487877622624
0.0064632235998862185
0.6020390367600463
0.027775175207490583
0.5083705654068958
0.026141735298314744
0.6951047132410217
0.019382931643971823
0.784927251153625
0.013521409215138763
0.5302362338801125
0.021332084545757198
0.5297897135517672
0.027005749762986215
0.6841169703528138
0.03026300520003102
0.5860136656552766
0.017745398532511867
0.511792471306041
0.016582594930523338
0.6198982299428344
0.028599946082393534
0.7145881557471754
0.02469450207211986
0.5483269178548424
0.023501677628739857
0.5622717715139194
0.03291622139485827
0.6924981389822399
0.02009639236537427
0.6046832773899095
0.015290465491755301
0.5455743544202017
0.029763778147450133
0.674865746706216
0.020364571000107943
0.6832970227675437
0.02417944303220878
0.5511359307019473
0.025086909304760464
0.5620124633073676
0.03238959489542478
0.7008762896361936
0.02219578860016011
0.6015722280378845
0.015769783668800157
0.5592960604453874
0.0262798165629684
0.6972734218672789
0.017635131700083965
0.7067402185623296
0.029388265462661777
0.5427592138025467
0.023074925859955336
0.6127280792110703
0.03974098021214679
0.762937954138832
0.014250491746219276
0.6119806822589982
0.03208105852791623
0.5455031368767629
0.022455671095199588
0.5945872305309756
0.02516107465125781
0.6010915778767374
0.027906871143831845
0.49227867024138694
0.01973798399535428
0.5421159033491862
0.03045921496447796
0.6433906526221607
0.020762909470664823
0.5973239930872185
0.023586377673754592
0.5668608933141998
0.02972453012583426
0.7046163032202781
0.02445148881057385
0.6778892188744312
0.019058916272880123
0.6121382175564111
0.01487390494972311
0.6405725885755709
0.0273494652753347
0.6896001762082402
0.02169242349628841
0.6518389395675357
0.01779205233553705
0.6037726379049415
0.021728697169184664
0.6660973032910539
0.02350936939249978
0.6405156078829348
0.01772745974464293
0.572527122555991
0.02776719010610439
0.6091534573522577
0.0247963332064024
0.6184265424140211
0.019953672938393653
0.5461709150193608
0.02620350450835444
0.5655635321846747
0.020643863450462353
0.6186777440196507
0.0280548925445492
0.5857724043530447
0.02094217118533193
0.5424275559626794
0.037502080902247575
0.5666338757232059
0.033925537737654596
0.6651584870474869
0.025953865685653537
0.6074223540522732
0.030541906171171064
0.6351555797280265
0.023159093825157587
0.6593172904636295
0.02228294976435119
0.6838629659305356
0.027102021138789574
0.6254148506931128
0.033054712114292215
0.6711292010325373
0.026295143421822348
0.7114525978325695
0.0160060116776998
0.6329856535208187
0.028763327810705664
0.6062125140172137
0.026912495565393046
0.6094099999618987
0.0179434319781616
0.573862898057688
0.02703586524094952
0.5583361563761292
0.0256658904271668
0.5927612014878483
0.027774773758176375
0.6157954073181735
0.02405909867692452
0.5705799170196
0.023784242279941543
0.6001255499691721
0.01795231270618681
0.5642403490139141
0.020934066049879047
0.587958713991258
0.020733705284107496
0.584017264378708
0.021057082162304834
0.5930629228819948
0.02565350561658748
0.6565586571510644
0.019377700926828206
0.6349266498089741
0.02514967605805977
0.6763111051541812
0.019872724277506106
0.6743656002473271
0.0169868616453895
0.6835786732846276
0.026634862104615874
0.6659751669828065
0.021087816241863903
0.6606182693649972
0.023089819300232933
0.6591212269333458
0.018017163188860718
0.6070933235676614
0.030115704931781857
0.6130159188237798
0.017344479510417173
0.5411648035180088
0.02858733652065546
0.5540563060613628
0.022604392657557294
0.526454595155734
0.020233693177197868
0.5765794045214603
0.021551961396234876
0.600573320412514
0.017625414604788166
0.575030376420472
0.03599962367678139
0.5930225613238629
0.03023209670862161
0.635243734127801
0.020311041592711722
0.6364873449380137
0.021260765676937052
0.6652466786386395
0.014975267022659125
0.6403855236960575
0.022484431246597852
0.6741926569324395
0.01913749560973721
0.6591127784085893
0.019730151280486045
0.6356214538817956
0.02278600194850802
0.6121685492334563
0.03279364306517637
0.6335565770439472
0.024680737437168816
0.6318224346000765
0.018499407618546702
0.6274783401758139
0.02240156368516926
0.6224592639905376
0.012443931444826901
0.6022074319504876
0.02224009533024757
0.5924003674584648
0.01848937639249848
0.5673676518208307
0.021384278331187934
0.591044278851294
0.021141556131899327
0.6007137814350951
0.014925657131430884
0.588359034870084
0.021558713119896454
0.5849183446952446
0.014843237663362572
0.6013500735628359
0.02394798372596371
0.6064011540995122
0.02026643980587054
0.5894808551376561
0.023575499802380252
0.6175474303907864
0.0183047826073219
0.6650916723250131
0.012106073929629183
0.663897351827952
0.01525235925790353
0.6494146565078023
0.014972160207560958
0.6598696104355393
0.01869553473303323
0.6486841870165942
0.025264653825959153
0.6454652590228214
0.021678471970396365
0.6396393184705145
0.01964826356912026
0.6405155073812504
0.0257256196750676
0.6102625206209455
0.016160999090374665
0.5988319246138927
0.01287856164041597
0.5817067465733594
0.018218105723189486
0.5786031086608663
0.02098854776605116
0.549569608324612
0.02184638545393491
0.5458414345285552
0.01930977347847005
0.593283068217678
0.016815595102379333
0.5749147173254922
0.020400917871342225
0.6146717779843294
0.019002914385886364
0.632504114753365
0.028297425375116224
0.6766889391170745
0.02010434199309373
0.6421482851564769
0.0277495631191802
0.6422185175121349
0.021976328209310503
0.6694282795869858
0.030163675577530875
0.6359728536804548
0.02298771466013829
0.630900952616409
0.02749045789066052
0.6453876661303586
0.025058858278013803
0.6640422157023255
0.01722635499899978
0.5901044592627064
0.031157432168423656
0.6087851446756234
0.020785101553018343
0.6084248222061968
0.0205202317940503
0.5771149366792858
0.019727077846710052
0.566465077202751
0.012351573981093813
0.5708036339121417
0.01764871277570233
0.6108355384928881
0.024001399813500104
0.5998430938362774
0.023134778230402404
0.6243559284902238
0.021718900436228195
0.6417793660995958
0.025582891511760776
0.6165844778463816
0.021840342264237013
0.6153807128953384
0.02067593781638541
0.6271190409040418
0.020256176166738468
0.6033647882009954
0.02394223756064582
0.5867264523062574
0.021864775317511055
0.6223767376468557
0.01824030421857869
0.6752963085787516
0.014275532372079246
0.6121267015861716
0.025106986165956035
0.6380239941515052
0.017174796811719528
0.6533445272821217
0.021403086233507472
0.6386648332356886
0.01862607407602971
0.6282107883732582
0.016098696384389464
0.6012709612226661
0.02437978236543423
0.6578791710646301
0.017891613882187622
0.6131852255296197
0.01812959051643045
0.5862452708882432
0.02596328738258096
0.5889397133025798
0.023669941555319506
0.6104285874298301
0.018393087298850454
0.5899186400346692
0.014723248448891946
0.5479909860259828
0.020005424952184582
0.5802456122681091
0.022197432272947112
0.5908713428744099
0.018676320831918662
0.576459116802088
0.014777865695665957
0.6128334837597095
0.031344929212676405
0.6199968186278934
0.028620112985534584
0.6686842788570226
0.013193418143137672
0.6672768372475536
0.014227976177436033
0.6876155555952881
0.0171393087257816
0.6682078097863913
0.0229936280341695
0.6507372056948094
0.018124793889535803
0.6684018892064425
0.024826996212946942
0.6389952238211596
0.017976049822283423
0.63964107728956
0.011453556931854153
0.5993724084023943
0.018954522880411998
0.6098018837737695
0.014465139267334759
0.5545342296940652
0.025872806877002618
0.540809065028355
0.020646333764018254
0.5530558653194609
0.025514041109751584
0.5516412966731361
0.0198584481372834
0.5524216105985691
0.015468861987953298
0.5658055415517624
0.014310085854229762
0.6114389090752911
0.010876110257766634
0.6055137932193981
0.015221611037287568
0.627591162776705
0.014151183770524867
0.657462730831717
0.027048980527516475
0.6706677744468977
0.01496845903022824
0.7051988408646925
0.012864248722815769
0.693978326470203
0.021193254801463498
0.7406582403951995
0.008163744710087236
0.6896132732153513
0.02607374886669709
0.7096970789295272
0.006162760724114763
0.6601481029852132
0.01675427634406404
0.6513265264269008
0.00456802795163782
0.5619489041857234
0.013546611988718423
0.49241754982928565
0.012251089359061834
0.4263171514008396
0.010398423287913471
0.3016321922338823
0.017779112823225023
0.20738829701074196
0.018304198507298336
a
256
0.7273814764769352
0.08038019450179813
0.7053092642940009
0.013874898621320839
0.6631777343961852
0.016706927002799663
0.9834697975768452
0.0011928958325568102
0.8874526902140477
0.004709941280117205
0.5805396682778732
0.016831514162488726
0.6067406871296039
0.008022137266547831
0.857834111941248
0.0038808199458379446
0.44885402200948094
0.02214714986295712
0.4575481119639834
0.008880179638571576
0.7344657393177945
0.005944600949765328
0.7216697914084166
0.005009921980290622
0.44652131230923897
0.015533211252942176
0.4425899122409529
0.025764517424762413
0.7243580236298448
0.010909767412934533
0.4236519220341018
0.033927737981804075
0.488455843368586
0.01711310992220988
0.7154921850742174
0.01577291420707195
0.6550714100690482
0.008905395303874594
0.5601610016923588
0.01172565654976673
0.6451314552595366
0.025039845298319003
0.8232791081980153
0.009330758060238333
0.5062702851975684
0.028073642614026506
0.494006784164324
0.025105451648322025
0.8901152543636979
0.003200238510466094
0.7423037224181239
0.014802539474870835
0.5003143975592244
0.019073934756962986
0.6077785650992584
0.018786143459815604
0.7658924792974467
0.007665851914320744
0.45818743862237377
0.024731203926524385
0.4290379996541282
0.02457024513650346
0.7800658714290567
0.007436043269805588
0.6533233227273272
0.022852553154121606
0.5004583278991949
0.016445716510676216
0.5643704036181146
0.026083200517297005
0.7502800556006936
0.010569262379850695
0.469719988992965
0.025424784194576937
0.5137427281838174
0.02661893170707489
0.7954154971139319
0.010416291351550259
0.6449069227340748
0.030079684302230007
0.520178528112013
0.027691140878416926
0.6405072824085748
0.01983904567208581
0.7458226442632729
0.013998821888203592
0.5129465911965255
0.018119192434474147
0.5355136805191638
0.02828051009676924
0.7896487877622624
0.0064632235998862185
0.6020390367600463
0.027775175207490583
0.5083705654068958
0.026141735298314744
0.6951047132410217
0.019382931643971823
0.784927251153625
0.013521409215138763
0.5302362338801125
0.021332084545757198
0.5297897135517672
0.027005749762986215
0.6841169703528138
0.03026300520003102
0.5860136656552766
0.017745398532511867
0.511792471306041
0.016582594930523338
0.6198982299428344
0.028599946082393534
0.7145881557471754
0.02469450207211986
0.5483269178548424
0.023501677628739857
0.5622717715139194
0.03291622139485827
0.6924981389822399
0.02009639236537427
0.6046832773899095
0.015290465491755301
0.5455743544202017
0.029763778147450133
0.674865746706216
0.020364571000107943
0.6832970227675437
0.02417944303220878
0.5511359307019473
0.025086909304760464
0.5620124633073676
0.03238959489542478
0.7008762896361936
0.02219578860016011
0.6015722280378845
0.015769783668800157
0.5592960604453874
0.0262798165629684
0.6972734218672789
0.017635131700083965
0.7067402185623296
0.029388265462661777
0.5427592138025467
0.023074925859955336
0.6127280792110703
0.03974098021214679
0.762937954138832
0.014250491746219276
0.6119806822589982
0.03208105852791623
0.5455031368767629
0.022455671095199588
0.5945872305309756
0.02516107465125781
0.6010915778767374
0.027906871143831845
0.49227867024138694
0.01973798399535428
0.5421159033491862
0.03045921496447796
0.6433906526221607
0.020762909470664823
0.5973239930872185
0.023586377673754592
0.5668608933141998
0.02972453012583426
0.7046163032202781
0.02445148881057385
0.6778892188744312
0.019058916272880123
0.6121382175564111
0.01487390494972311
0.6405725885755709
0.0273494652753347
0.6896001762082402
0.02169242349628841
0.6518389395675357
0.01779205233553705
0.6037726379049415
0.021728697169184664
0.6660973032910539
0.02350936939249978
0.6405156078829348
0.01772745974464293
0.572527122555991
0.02776719010610439
0.6091534573522577
0.0247963332064024
0.6184265424140211
0.019953672938393653
0.5461709150193608
0.02620350450835444
0.5655635321846747
0.020643863450462353
0.6186777440196507
0.0280548925445492
0.5857724043530447
0.02094217118533193
0.5424275559626794
0.037502080902247575
0.5666338757232059
0.033925537737654596
0.6651584870474869
0.025953865685653537
0.6074223540522732
0.030541906171171064
0.6351555797280265
0.023159093825157587
0.6593172904636295
0.02228294976435119
0.6838629659305356
0.027102021138789574
0.6254148506931128
0.033054712114292215
0.6711292010325373
0.026295143421822348
0.7114525978325695
0.0160060116776998
0.6329856535208187
0.028763327810705664
0.6062125140172137
0.026912495565393046
0.6094099999618987
0.0179434319781616
0.573862898057688
0.02703586524094952
0.5583361563761292
0.0256658904271668
0.5927612014878483
0.027774773758176375
0.6157954073181735
0.02405909867692452
0.5705799170196
0.023784242279941543
0.6001255499691721
0.01795231270618681
0.5642403490139141
0.020934066049879047
0.587958713991258
0.020733705284107496
0.584017264378708
0.021057082162304834
0.5930629228819948
0.02565350561658748
0.6565586571510644
0.019377700926828206
0.6349266498089741
0.02514967605805977
0.6763111051541812
0.019872724277506106
0.6743656002473271
0.0169868616453895
0.6835786732846276
0.026634862104615874
0.6659751669828065
0.021087816241863903
0.6606182693649972
0.023089819300232933
0.6591212269333458
0.018017163188860718
0.6070933235676614
0.030115704931781857
0.6130159188237798
0.017344479510417173
0.5411648035180088
0.02858733652065546
0.5540563060613628
0.022604392657557294
0.526454595155734
0.020233693177197868
0.5765794045214603
0.021551961396234876
0.600573320412514
0.017625414604788166
0.575030376420472
0.03599962367678139
0.5930225613238629
0.03023209670862161
0.635243734127801
0.020311041592711722
0.6364873449380137
0.021260765676937052
0.6652466786386395
0.014975267022659125
0.6403855236960575
0.022484431246597852
0.6741926569324395
0.01913749560973721
0.6591127784085893
0.019730151280486045
0.6356214538817956
0.02278600194850802
0.6121685492334563
0.03279364306517637
0.6335565770439472
0.024680737437168816
0.6318224346000765
0.018499407618546702
0.6274783401758139
0.02240156368516926
0.6224592639905376
0.012443931444826901
0.6022074319504876
0.02224009533024757
0.5924003674584648
0.01848937639249848
0.5673676518208307
0.021384278331187934
0.591044278851294
0.021141556131899327
0.6007137814350951
0.014925657131430884
0.588359034870084
0.021558713119896454
0.5849183446952446
0.014843237663362572
0.6013500735628359
0.02394798372596371
0.6064011540995122
0.02026643980587054
0.5894808551376561
0.023575499802380252
0.6175474303907864
0.0183047826073219
0.6650916723250131
0.012106073929629183
0.663897351827952
0.01525235925790353
0.6494146565078023
0.014972160207560958
0.6598696104355393
0.01869553473303323
0.6486841870165942
0.025264653825959153
0.6454652590228214
0.021678471970396365
0.6396393184705145
0.01964826356912026
0.6405155073812504
0.0257256196750676
0.6102625206209455
0.016160999090374665
0.5988319246138927
0.01287856164041597
0.5817067465733594
0.018218105723189486
0.5786031086608663
0.02098854776605116
0.549569608324612
0.02184638545393491
0.5458414345285552
0.01930977347847005
0.593283068217678
0.016815595102379333
0.5749147173254922
0.020400917871342225
0.6146717779843294
0.019002914385886364
0.632504114753365
0.028297425375116224
0.6766889391170745
0.02010434199309373
0.6421482851564769
0.0277495631191802
0.6422185175121349
0.021976328209310503
0.6694282795869858
0.030163675577530875
0.6359728536804548
0.02298771466013829
0.630900952616409
0.02749045789066052
0.6453876661303586
0.025058858278013803
0.6640422157023255
0.01722635499899978
0.5901044592627064
0.031157432168423656
0.6087851446756234
0.020785101553018343
0.6084248222061968
0.0205202317940503
0.5771149366792858
0.019727077846710052
0.566465077202751
0.012351573981093813
0.5708036339121417
0.01764871277570233
0.6108355384928881
0.024001399813500104
0.5998430938362774
0.023134778230402404
0.6243559284902238
0.021718900436228195
0.6417793660995958
0.025582891511760776
0.6165844778463816
0.021840342264237013
0.6153807128953384
0.02067593781638541
0.6271190409040418
0.020256176166738468
0.6033647882009954
0.02394223756064582
0.5867264523062574
0.021864775317511055
0.6223767376468557
0.01824030421857869
0.6752963085787516
0.014275532372079246
0.6121267015861716
0.025106986165956035
0.6380239941515052
0.017174796811719528
0.6533445272821217
0.021403086233507472
0.6386648332356886
0.01862607407602971
0.6282107883732582
0.016098696384389464
0.6012709612226661
0.02437978236543423
0.6578791710646301
0.017891613882187622
0.6131852255296197
0.01812959051643045
0.5862452708882432
0.02596328738258096
0.5889397133025798
0.023669941555319506
0.6104285874298301
0.018393087298850454
0.5899186400346692
0.014723248448891946
0.5479909860259828
0.020005424952184582
0.5802456122681091
0.022197432272947112
0.5908713428744099
0.018676320831918662
0.576459116802088
0.014777865695665957
0.6128334837597095
0.031344929212676405
0.6199968186278934
0.028620112985534584
0.6686842788570226
0.013193418143137672
0.6672768372475536
0.014227976177436033
0.6876155555952881
0.0171393087257816
0.6682078097863913
0.0229936280341695
0.6507372056948094
0.018124793889535803
0.6684018892064425
0.024826996212946942
0.6389952238211596
0.017976049822283423
0.63964107728956
0.011453556931854153
0.5993724084023943
0.018954522880411998
0.6098018837737695
0.014465139267334759
0.5545342296940652
0.025872806877002618
0.540809065028355
0.020646333764018254
0.5530558653194609
0.025514041109751584
0.5516412966731361
0.0198584481372834
0.5524216105985691
0.015468861987953298
0.5658055415517624
0.014310085854229762
0.6114389090752911
0.010876110257766634
0.6055137932193981
0.015221611037287568
0.627591162776705
0.014151183770524867
0.657462730831717
0.027048980527516475
0.6706677744468977
0.01496845903022824
0.7051988408646925
0.012864248722815769
0.693978326470203
0.021193254801463498
0.7406582403951995
0.008163744710087236
0.6896132732153513
0.02607374886669709
0.7096970789295272
0.006162760724114763
0.6601481029852132
0.01675427634406404
0.6513265264269008
0.00456802795163782
0.5619489041857234
0.013546611988718423
0.49241754982928565
0.012251089359061834
0.4263171514008396
0.010398423287913471
0.3016321922338823
0.017779112823225023
0.20738829701074196
0.018304198507298336
a
256
0.7273814764769352
0.08038019450179813
0.7053092642940009
0.013874898621320839
0.6631777343961852
0.016706927002799663
0.9834697975768452
0.0011928958325568102
0.8874526902140477
0.004709941280117205
0.5805396682778732
0.016831514162488726
0.6067406871296039
0.008022137266547831
0.857834111941248
0.0038808199458379446
0.44885402200948094
0.02214714986295712
0.4575481119639834
0.008880179638571576
0.7344657393177945
0.005944600949765328
0.7216697914084166
0.005009921980290622
0.44652131230923897
0.015533211252942176
0.4425899122409529
0.025764517424762413
0.7243580236298448
0.010909767412934533
0.4236519220341018
0.033927737981804075
0.488455843368586
0.01711310992220988
0.7154921850742174
0.01577291420707195
0.6550714100690482
0.008905395303874594
0.5601610016923588
0.01172565654976673
0.6451314552595366
0.025039845298319003
0.8232791081980153
0.009330758060238333
0.5062702851975684
0.028073642614026506
0.494006784164324
0.025105451648322025
0.8901152543636979
0.003200238510466094
0.7423037224181239
0.014802539474870835
0.5003143975592244
0.019073934756962986
0.6077785650992584
0.018786143459815604
0.7658924792974467
0.007665851914320744
0.45818743862237377
0.024731203926524385
0.4290379996541282
0.02457024513650346
0.7800658714290567
0.007436043269805588
0.6533233227273272
0.022852553154121606
0.5004583278991949
0.016445716510676216
0.5643704036181146
0.026083200517297005
0.7502800556006936
0.010569262379850695
0.469719988992965
0.025424784194576937
0.5137427281838174
0.02661893170707489
0.7954154971139319
0.010416291351550259
0.6449069227340748
0.030079684302230007
0.520178528112013
0.027691140878416926
0.6405072824085748
0.01983904567208581
0.7458226442632729
0.013998821888203592
0.5129465911965255
0.018119192434474147
0.5355136805191638
0.02828051009676924
0.7896487877622624
0.0064632235998862185
0.6020390367600463
0.027775175207490583
0.5083705654068958
0.026141735298314744
0.6951047132410217
0.019382931643971823
0.784927251153625
0.013521409215138763
0.5302362338801125
0.021332084545757198
0.5297897135517672
0.027005749762986215
0.6841169703528138
0.03026300520003102
0.5860136656552766
0.017745398532511867
0.511792471306041
0.016582594930523338
0.6198982299428344
0.028599946082393534
0.7145881557471754
0.02469450207211986
0.5483269178548424
0.023501677628739857
0.5622717715139194
0.03291622139485827
0.6924981389822399
0.02009639236537427
0.6046832773899095
0.015290465491755301
0.5455743544202017
0.029763778147450133
0.674865746706216
0.020364571000107943
0.6832970227675437
0.02417944303220878
0.5511359307019473
0.025086909304760464
0.5620124633073676
0.03238959489542478
0.7008762896361936
0.02219578860016011
0.6015722280378845
0.015769783668800157
0.5592960604453874
0.0262798165629684
0.6972734218672789
0.017635131700083965
0.7067402185623296
0.029388265462661777
0.5427592138025467
0.023074925859955336
0.6127280792110703
0.03974098021214679
0.762937954138832
0.014250491746219276
0.6119806822589982
0.03208105852791623
0.5455031368767629
0.022455671095199588
0.5945872305309756
0.02516107465125781
0.6010915778767374
0.027906871143831845
0.49227867024138694
0.01973798399535428
0.5421159033491862
0.03045921496447796
0.6433906526221607
0.020762909470664823
0.5973239930872185
0.023586377673754592
0.5668608933141998
0.02972453012583426
0.7046163032202781
0.02445148881057385
0.6778892188744312
0.019058916272880123
0.6121382175564111
0.01487390494972311
0.6405725885755709
0.0273494652753347
0.6896001762082402
0.02169242349628841
0.6518389395675357
0.01779205233553705
0.6037726379049415
0.021728697169184664
0.6660973032910539
0.02350936939249978
0.6405156078829348
0.01772745974464293
0.572527122555991
0.02776719010610439
0.6091534573522577
0.0247963332064024
0.6184265424140211
0.019953672938393653
0.5461709150193608
0.02620350450835444
0.5655635321846747
0.020643863450462353
0.6186777440196507
0.0280548925445492
0.5857724043530447
0.02094217118533193
0.5424275559626794
0.037502080902247575
0.5666338757232059
0.033925537737654596
0.6651584870474869
0.025953865685653537
0.6074223540522732
0.030541906171171064
0.6351555797280265
0.023159093825157587
0.6593172904636295
0.02228294976435119
0.6838629659305356
0.027102021138789574
0.6254148506931128
0.033054712114292215
0.6711292010325373
0.026295143421822348
0.7114525978325695
0.0160060116776998
0.6329856535208187
0.028763327810705664
0.6062125140172137
0.026912495565393046
0.6094099999618987
0.0179434319781616
0.573862898057688
0.02703586524094952
0.5583361563761292
0.0256658904271668
0.5927612014878483
0.027774773758176375
0.6157954073181735
0.02405909867692452
0.5705799170196
0.023784242279941543
0.6001255499691721
0.01795231270618681
0.5642403490139141
0.020934066049879047
0.587958713991258
0.020733705284107496
0.584017264378708
0.021057082162304834
0.5930629228819948
0.02565350561658748
0.6565586571510644
0.019377700926828206
0.6349266498089741
0.02514967605805977
0.6763111051541812
0.019872724277506106
0.6743656002473271
0.0169868616453895
0.6835786732846276
0.026634862104615874
0.6659751669828065
0.021087816241863903
0.6606182693649972
0.023089819300232933
0.6591212269333458
0.018017163188860718
0.6070933235676614
0.030115704931781857
0.6130159188237798
0.017344479510417173
0.5411648035180088
0.02858733652065546
0.5540563060613628
0.022604392657557294
0.526454595155734
0.020233693177197868
0.5765794045214603
0.021551961396234876
0.600573320412514
0.017625414604788166
0.575030376420472
0.03599962367678139
0.5930225613238629
0.03023209670862161
0.635243734127801
0.020311041592711722
0.6364873449380137
0.021260765676937052
0.6652466786386395
0.014975267022659125
0.6403855236960575
0.022484431246597852
0.6741926569324395
0.01913749560973721
0.6591127784085893
0.019730151280486045
0.6356214538817956
0.02278600194850802
0.6121685492334563
0.03279364306517637
0.6335565770439472
0.024680737437168816
0.6318224346000765
0.018499407618546702
0.6274783401758139
0.02240156368516926
0.6224592639905376
0.012443931444826901
0.6022074319504876
0.02224009533024757
0.5924003674584648
0.01848937639249848
0.5673676518208307
0.021384278331187934
0.591044278851294
0.021141556131899327
0.6007137814350951
0.014925657131430884
0.588359034870084
0.021558713119896454
0.5849183446952446
0.014843237663362572
0.6013500735628359
0.02394798372596371
0.6064011540995122
0.02026643980587054
0.5894808551376561
0.023575499802380252
0.6175474303907864
0.0183047826073219
0.6650916723250131
0.012106073929629183
0.663897351827952
0.01525235925790353
0.6494146565078023
0.014972160207560958
0.6598696104355393
0.01869553473303323
0.6486841870165942
0.025264653825959153
0.6454652590228214
0.021678471970396365
0.6396393184705145
0.01964826356912026
0.6405155073812504
0.0257256196750676
0.6102625206209455
0.016160999090374665
0.5988319246138927
0.01287856164041597
0.5817067465733594
0.018218105723189486
0.5786031086608663
0.02098854776605116
0.549569608324612
0.02184638545393491
0.5458414345285552
0.01930977347847005
0.593283068217678
0.016815595102379333
0.5749147173254922
0.020400917871342225
0.6146717779843294
0.019002914385886364
0.632504114753365
0.028297425375116224
0.6766889391170745
0.02010434199309373
0.6421482851564769
0.0277495631191802
0.6422185175121349
0.021976328209310503
0.6694282795869858
0.030163675577530875
0.6359728536804548
0.02298771466013829
0.630900952616409
0.02749045789066052
0.6453876661303586
0.025058858278013803
0.6640422157023255
0.01722635499899978
0.5901044592627064
0.031157432168423656
0.6087851446756234
0.020785101553018343
0.6084248222061968
0.0205202317940503
0.5771149366792858
0.019727077846710052
0.566465077202751
0.012351573981093813
0.5708036339121417
0.01764871277570233
0.6108355384928881
0.024001399813500104
0.5998430938362774
0.023134778230402404
0.6243559284902238
0.021718900436228195
0.6417793660995958
0.025582891511760776
0.6165844778463816
0.021840342264237013
0.6153807128953384
0.02067593781638541
0.6271190409040418
0.020256176166738468
0.6033647882009954
0.02394223756064582
0.5867264523062574
0.021864775317511055
0.6223767376468557
0.01824030421857869
0.6752963085787516
0.014275532372079246
0.6121267015861716
0.025106986165956035
0.6380239941515052
0.017174796811719528
0.6533445272821217
0.021403086233507472
0.6386648332356886
0.01862607407602971
0.6282107883732582
0.016098696384389464
0.6012709612226661
0.02437978236543423
0.6578791710646301
0.017891613882187622
0.6131852255296197
0.01812959051643045
0.5862452708882432
0.02596328738258096
0.5889397133025798
0.023669941555319506
0.6104285874298301
0.018393087298850454
0.5899186400346692
0.014723248448891946
0.5479909860259828
0.020005424952184582
0.5802456122681091
0.022197432272947112
0.5908713428744099
0.018676320831918662
0.576459116802088
0.014777865695665957
0.6128334837597095
0.031344929212676405
0.6199968186278934
0.028620112985534584
0.6686842788570226
0.013193418143137672
0.6672768372475536
0.014227976177436033
0.6876155555952881
0.0171393087257816
0.6682078097863913
0.0229936280341695
0.6507372056948094
0.018124793889535803
0.6684018892064425
0.024826996212946942
0.6389952238211596
0.017976049822283423
0.63964107728956
0.011453556931854153
0.5993724084023943
0.018954522880411998
0.6098018837737695
0.014465139267334759
0.5545342296940652
0.025872806877002618
0.540809065028355
0.020646333764018254
0.5530558653194609
0.025514041109751584
0.5516412966731361
0.0198584481372834
0.5524216105985691
0.015468861987953298
0.5658055415517624
0.014310085854229762
0.6114389090752911
0.010876110257766634
0.6055137932193981
0.015221611037287568
0.627591162776705
0.014151183770524867
0.657462730831717
0.027048980527516475
0.6706677744468977
0.01496845903022824
0.7051988408646925
0.012864248722815769
0.693978326470203
0.021193254801463498
0.7406582403951995
0.008163744710087236
0.6896132732153513
0.02607374886669709
0.7096970789295272
0.006162760724114763
0.6601481029852132
0.01675427634406404
0.6513265264269008
0.00456802795163782
0.5619489041857234
0.013546611988718423
0.49241754982928565
0.012251089359061834
0.4263171514008396
0.010398423287913471
0.3016321922338823
0.017779112823225023
0.20738829701074196
0.018304198507298336
