e
256
0.8135646255691554
0.04461057393970337
0.7306828265190376
0.01521941016990926
0.748749818855913
0.005852013991533079
0.9664403476563448
0.0021688777736539764
0.8843431243007697
0.00779309921526401
0.53471251222089
0.008153585026602402
0.3895917652426912
0.025519211236941775
0.7530064291961065
0.003908074815297192
0.4516412747753291
0.009198180500168051
0.34740297530061504
0.023374374657266606
0.6296185560807475
0.004228105056486095
0.7023123178601975
0.005782425287606415
0.302326281566448
0.017567972543283246
0.3229855674861035
0.021239972961709264
0.8429736944903576
0.004354035575168878
0.6998967903654053
0.01193227798418044
0.5920385892624574
0.0069722967388774855
0.4855049404276833
0.033216393632232194
0.6834227483166461
0.0061764913345324236
0.4730519045773036
0.01747431221791751
0.5413033803344558
0.019208174548021817
0.6230475198687164
0.026760162255248455
0.5998789223869185
0.011206575288218775
0.5504651701860105
0.017041979544858317
0.6778817000644696
0.019417995992320906
0.7837897479281453
0.017710208529246325
0.533685081878799
0.019715815666737586
0.5188284191853243
0.01477486741889394
0.6767276896076678
0.01190788977905319
0.5529051495760373
0.026080961572675664
0.49662852875700486
0.012928315220683134
0.5098231397873605
0.03183124770147647
0.6773044795218329
0.009862480073191918
0.4378341251790297
0.037735206560467124
0.4581141746369332
0.024665097352394697
0.6676958814285401
0.014656082703683576
0.6343277294527798
0.027096014040896448
0.5082456907326622
0.01581637960614741
0.5595205624496814
0.030017439515241873
0.7273983731374761
0.011950089389416765
0.5492890912202851
0.02416417411885454
0.5400139155847878
0.012274187675646878
0.6298852338546933
0.017143521483318894
0.6627660314694652
0.018501222639460746
0.5276247127026898
0.023068456355061603
0.5556286119287294
0.021153587771691768
0.7565939923467513
0.012209719998733853
0.5720096622977222
0.02239238178044079
0.5141609112432259
0.020507129339200705
0.5958426496747811
0.03277143929240319
0.6458720360974033
0.02923625088489551
0.4692626838028356
0.013146870535771984
0.4880006163633942
0.019308342382415408
0.6835501933921547
0.013296465966900007
0.5123275644492211
0.03411010374415144
0.42048271388979586
0.019120692655027798
0.6014451038592364
0.031940812852351674
0.6767274077287463
0.015603855444208364
0.5007004132392922
0.021011399717766444
0.5162324088504258
0.02172522115115593
0.7855036942328307
0.00874906817911648
0.6508975790471401
0.03909842824242446
0.46908572275130067
0.031823433692757155
0.6867007537740216
0.04338877612032859
0.7933483703042207
0.014450338212549185
0.5353002002984992
0.03284251421108377
0.46971113765770117
0.02830738948763698
0.6033954659670029
0.026281335192463128
0.5817921357667051
0.036546126882878706
0.4163076408735152
0.024877700348457894
0.5755872164972318
0.028746164901442207
0.6713611532178063
0.018000641768361275
0.5049008726054585
0.027521826295040724
0.46000827936119304
0.024407907202888674
0.6246097350671517
0.023770812816492667
0.6251323149606166
0.02857119416842512
0.4887083995319356
0.025578837482929807
0.6057850760491992
0.034649725886871055
0.7114281860112602
0.023473873032985985
0.6452135203225664
0.03333768317775815
0.5725753192759135
0.01941310122147643
0.6326923677766209
0.03409053397078961
0.6482650294613658
0.025762187468551474
0.5254448412526864
0.02189324043994297
0.5467669235417143
0.02503127854757778
0.6176782536285439
0.02032986018043246
0.5609193515254075
0.03444225472383262
0.5091625800224009
0.023884693119966438
0.5499771596840456
0.029025414803826432
0.5845601083246009
0.028981408256984854
0.551880146774543
0.021711273486433494
0.5575325792989617
0.024977146658781903
0.6299854202253805
0.017642101530694045
0.5810635165342706
0.02388416474871183
0.5518642057521123
0.020283447618694835
0.5744943769307472
0.02451490686658312
0.6204120415036883
0.025226797608133233
0.592977429587543
0.021231824723964364
0.5907064727820497
0.02787131199899439
0.5893373740634406
0.03263291690107666
0.6304575581489829
0.025245446756355493
0.576713634036981
0.018069100670253125
0.6102998828032865
0.02278988140867738
0.6290536522374733
0.020025833831562184
0.5780521811016626
0.021711841237880537
0.5626328644319971
0.01622382405551217
0.5488397354196655
0.022311035858670024
0.5586345983357992
0.02580673348049679
0.5192226737887135
0.01827030037235786
0.5382893777234051
0.022592952366465927
0.5528100739400468
0.01851266397041739
0.5673338589569685
0.01969719226869688
0.560023860715107
0.021708866109915122
0.613857622128028
0.018182490989960415
0.6228454276719737
0.031012251565311795
0.6004462347068112
0.031274078295308906
0.6532467181618259
0.027204665609931768
0.6851922530048074
0.02380781747443729
0.6443792624818533
0.024785656777883545
0.5925270529181512
0.022794937685485257
0.5634712620236619
0.01957644349477969
0.5517110536777953
0.02578130550412393
0.5077287330179956
0.025053359765929862
0.42023031393719396
0.025925329261903135
0.4702602948704113
0.020192635751904366
0.5331192247644938
0.018944834468594365
0.5957354718457377
0.023092662142173682
0.660637790354972
0.022360481176192548
0.6866384475342329
0.02149022941402489
0.6831542480171336
0.02550791476547138
0.6464162320313772
0.01714565566650866
0.6238347380080269
0.023296563001433058
0.604652242972547
0.01921231322539757
0.5374411483502768
0.025890308311806713
0.5704888954531382
0.02184550284244411
0.5061260891709685
0.025135302654388215
0.5247026193916542
0.024894074075581064
0.516097654446462
0.01940704493258363
0.5708764286769151
0.01274829437533671
0.5840141778982006
0.019646970343894184
0.5817368695368669
0.014007699929903885
0.5995237479100444
0.009807015438648908
0.593148671486807
0.012724231181168597
0.6021821218263509
0.013613536764620543
0.6096027616218905
0.01547139289967724
0.6149222443210709
0.006637834533568051
0.5933287228707946
0.01252666701676261
0.6097241858575374
0.006525762079167274
0.5989710038282978
0.012011805525386976
0.5843921067547186
0.012071347079158561
0.5745391441002301
0.010727235642899097
0.5451277583611676
0.015616600624444046
0.5716394506302753
0.007906220477188794
0.5367748912847785
0.015039183390335803
0.5679207093035574
0.010376584967222035
0.5585343621012036
0.022526178763813586
0.5956751581150284
0.01116183479821739
0.6122731250559116
0.018889070225655787
0.5829837230392944
0.018106001722126487
0.5982278187433419
0.00854424073427344
0.5593703295722257
0.014356902078952575
0.5853869297094517
0.013208072301274751
0.5881453824147794
0.017181971756531
0.5878766076969832
0.01172960587359467
0.5852826250476691
0.009481877604083772
0.5743278687268755
0.012335103164596038
0.601608290097561
0.008635714022993363
0.5850435105822551
0.018170495208975103
0.5989652474127428
0.00785004826864148
0.5708037128782526
0.01683470568172975
0.5811629737971971
0.01277585387357171
0.5897455201388244
0.012635056279254629
0.5892885767241534
0.010975013513608838
0.5945202378746779
0.007595665962126854
0.5656003270962247
0.014272512291166531
0.5712227601536045
0.011983067699319106
0.55534332647487
0.018723818150920165
0.5817401044604951
0.007913449680833863
0.5610649166299704
0.01275891889137713
0.5687853076044704
0.010017874523119422
0.5832884152549231
0.009506660214830254
0.5721173544856067
0.013824814377652758
0.5921575352831434
0.00797041360038082
0.5642078992469565
0.017766014189232616
0.6118803114517658
0.006793124031893546
0.6038041963774137
0.01940698054388191
0.6219696610352518
0.01252062250439007
0.6055739337391397
0.012682424046025754
0.5990057072879902
0.011550159047093264
0.5702782657360456
0.018362796842888822
0.5765480852843217
0.016230678396351606
0.5800561908073375
0.0070607088675136405
0.5558622057809097
0.015883967454307944
0.5865183970005404
0.005099130220676165
0.5570924834078654
0.012633857538693121
0.581525121645622
0.006009495785781511
0.5661925140488762
0.008432778243402633
0.5469531955357063
0.01262942828544975
0.5890410597452743
0.0067696759496010395
0.5460440076127789
0.020364300414308794
0.5988848818783392
0.007897187597695261
0.5724552766370125
0.016734959970989106
0.6081331713477496
0.009388263790056606
0.6017156386642319
0.014123351363463713
0.59782754316982
0.010151549890271309
0.6081066672859776
0.007935062980531845
0.5783774321566029
0.011728796602029645
0.6131978050780116
0.008282752971406755
0.5833769948861086
0.015609438542593062
0.6105196361744339
0.0052315065721122616
0.5795732295664752
0.013683440138535143
0.5736363059735925
0.009659128613870017
0.571571075779822
0.015257608959671851
0.5662245774094632
0.01699852237406254
0.5703659023759632
0.015194220143033788
0.5396059944903034
0.015518419558047142
0.5657600712659627
0.015489585148211634
0.5679335656760922
0.016861493877485742
0.5631244421300334
0.0105109307310015
0.5611552609829781
0.01626919506594935
0.5722139136940565
0.0157764270052449
0.6072919584849782
0.011386745038477804
0.5881409855364212
0.016329983251087248
0.6088148153297164
0.01402064757849468
0.5664860882743045
0.020477178754115453
0.6307441406795912
0.010766722473356059
0.6139963358712777
0.013926738879671169
0.6226521680501265
0.017039067872033693
0.6295324623554108
0.011621993091247177
0.5866185707613686
0.010435083900964107
0.6022624979188127
0.00781785059381978
0.5630394687955093
0.02169497602627627
0.5717711061645331
0.0067726581602363806
0.5250954925145354
0.019279507592385177
0.5563157223371997
0.00849124592223889
0.5303845240899326
0.010326443769284464
0.5437792581764478
0.011330935863283473
0.5352626464336524
0.009415808709939596
0.5241343907905265
0.02108621931941338
0.5663651664451492
0.00679888722763741
0.5572101139557586
0.0216427745940539
0.6146858465894347
0.009710059804586222
0.6136350991244618
0.015163595017251
0.6530653086781475
0.007306113375965628
0.6603770920539447
0.011976904357225347
0.6731574816409098
0.01445416993973114
0.6704953187147633
0.004716754948820139
0.641781750777937
0.014702245685404241
0.6592635084357342
0.0041512216699652925
0.5841756945002331
0.016610362508361544
0.5877101167583104
0.0037653725208484055
0.515563443343626
0.010546675785816483
0.45719632620426126
0.008855439052962542
0.3731368339309703
0.007193898037373578
0.2560470246146956
0.017291898210914765
0.178107563637587
0.011288402886148147
e
256
0.8135646255691554
0.04461057393970337
0.7306828265190376
0.01521941016990926
0.748749818855913
0.005852013991533079
0.9664403476563448
0.0021688777736539764
0.8843431243007697
0.00779309921526401
0.53471251222089
0.008153585026602402
0.3895917652426912
0.025519211236941775
0.7530064291961065
0.003908074815297192
0.4516412747753291
0.009198180500168051
0.34740297530061504
0.023374374657266606
0.6296185560807475
0.004228105056486095
0.7023123178601975
0.005782425287606415
0.302326281566448
0.017567972543283246
0.3229855674861035
0.021239972961709264
0.8429736944903576
0.004354035575168878
0.6998967903654053
0.01193227798418044
0.5920385892624574
0.0069722967388774855
0.4855049404276833
0.033216393632232194
0.6834227483166461
0.0061764913345324236
0.4730519045773036
0.01747431221791751
0.5413033803344558
0.019208174548021817
0.6230475198687164
0.026760162255248455
0.5998789223869185
0.011206575288218775
0.5504651701860105
0.017041979544858317
0.6778817000644696
0.019417995992320906
0.7837897479281453
0.017710208529246325
0.533685081878799
0.019715815666737586
0.5188284191853243
0.01477486741889394
0.6767276896076678
0.01190788977905319
0.5529051495760373
0.026080961572675664
0.49662852875700486
0.012928315220683134
0.5098231397873605
0.03183124770147647
0.6773044795218329
0.009862480073191918
0.4378341251790297
0.037735206560467124
0.4581141746369332
0.024665097352394697
0.6676958814285401
0.014656082703683576
0.6343277294527798
0.027096014040896448
0.5082456907326622
0.01581637960614741
0.5595205624496814
0.030017439515241873
0.7273983731374761
0.011950089389416765
0.5492890912202851
0.02416417411885454
0.5400139155847878
0.012274187675646878
0.6298852338546933
0.017143521483318894
0.6627660314694652
0.018501222639460746
0.5276247127026898
0.023068456355061603
0.5556286119287294
0.021153587771691768
0.7565939923467513
0.012209719998733853
0.5720096622977222
0.02239238178044079
0.5141609112432259
0.020507129339200705
0.5958426496747811
0.03277143929240319
0.6458720360974033
0.02923625088489551
0.4692626838028356
0.013146870535771984
0.4880006163633942
0.019308342382415408
0.6835501933921547
0.013296465966900007
0.5123275644492211
0.03411010374415144
0.42048271388979586
0.019120692655027798
0.6014451038592364
0.031940812852351674
0.6767274077287463
0.015603855444208364
0.5007004132392922
0.021011399717766444
0.5162324088504258
0.02172522115115593
0.7855036942328307
0.00874906817911648
0.6508975790471401
0.03909842824242446
0.46908572275130067
0.031823433692757155
0.6867007537740216
0.04338877612032859
0.7933483703042207
0.014450338212549185
0.5353002002984992
0.03284251421108377
0.46971113765770117
0.02830738948763698
0.6033954659670029
0.026281335192463128
0.5817921357667051
0.036546126882878706
0.4163076408735152
0.024877700348457894
0.5755872164972318
0.028746164901442207
0.6713611532178063
0.018000641768361275
0.5049008726054585
0.027521826295040724
0.46000827936119304
0.024407907202888674
0.6246097350671517
0.023770812816492667
0.6251323149606166
0.02857119416842512
0.4887083995319356
0.025578837482929807
0.6057850760491992
0.034649725886871055
0.7114281860112602
0.023473873032985985
0.6452135203225664
0.03333768317775815
0.5725753192759135
0.01941310122147643
0.6326923677766209
0.03409053397078961
0.6482650294613658
0.025762187468551474
0.5254448412526864
0.02189324043994297
0.5467669235417143
0.02503127854757778
0.6176782536285439
0.02032986018043246
0.5609193515254075
0.03444225472383262
0.5091625800224009
0.023884693119966438
0.5499771596840456
0.029025414803826432
0.5845601083246009
0.028981408256984854
0.551880146774543
0.021711273486433494
0.5575325792989617
0.024977146658781903
0.6299854202253805
0.017642101530694045
0.5810635165342706
0.02388416474871183
0.5518642057521123
0.020283447618694835
0.5744943769307472
0.02451490686658312
0.6204120415036883
0.025226797608133233
0.592977429587543
0.021231824723964364
0.5907064727820497
0.02787131199899439
0.5893373740634406
0.03263291690107666
0.6304575581489829
0.025245446756355493
0.576713634036981
0.018069100670253125
0.6102998828032865
0.02278988140867738
0.6290536522374733
0.020025833831562184
0.5780521811016626
0.021711841237880537
0.5626328644319971
0.01622382405551217
0.5488397354196655
0.022311035858670024
0.5586345983357992
0.02580673348049679
0.5192226737887135
0.01827030037235786
0.5382893777234051
0.022592952366465927
0.5528100739400468
0.01851266397041739
0.5673338589569685
0.01969719226869688
0.560023860715107
0.021708866109915122
0.613857622128028
0.018182490989960415
0.6228454276719737
0.031012251565311795
0.6004462347068112
0.031274078295308906
0.6532467181618259
0.027204665609931768
0.6851922530048074
0.02380781747443729
0.6443792624818533
0.024785656777883545
0.5925270529181512
0.022794937685485257
0.5634712620236619
0.01957644349477969
0.5517110536777953
0.02578130550412393
0.5077287330179956
0.025053359765929862
0.42023031393719396
0.025925329261903135
0.4702602948704113
0.020192635751904366
0.5331192247644938
0.018944834468594365
0.5957354718457377
0.023092662142173682
0.660637790354972
0.022360481176192548
0.6866384475342329
0.02149022941402489
0.6831542480171336
0.02550791476547138
0.6464162320313772
0.01714565566650866
0.6238347380080269
0.023296563001433058
0.604652242972547
0.01921231322539757
0.5374411483502768
0.025890308311806713
0.5704888954531382
0.02184550284244411
0.5061260891709685
0.025135302654388215
0.5247026193916542
0.024894074075581064
0.516097654446462
0.01940704493258363
0.5708764286769151
0.01274829437533671
0.5840141778982006
0.019646970343894184
0.5817368695368669
0.014007699929903885
0.5995237479100444
0.009807015438648908
0.593148671486807
0.012724231181168597
0.6021821218263509
0.013613536764620543
0.6096027616218905
0.01547139289967724
0.6149222443210709
0.006637834533568051
0.5933287228707946
0.01252666701676261
0.6097241858575374
0.006525762079167274
0.5989710038282978
0.012011805525386976
0.5843921067547186
0.012071347079158561
0.5745391441002301
0.010727235642899097
0.5451277583611676
0.015616600624444046
0.5716394506302753
0.007906220477188794
0.5367748912847785
0.015039183390335803
0.5679207093035574
0.010376584967222035
0.5585343621012036
0.022526178763813586
0.5956751581150284
0.01116183479821739
0.6122731250559116
0.018889070225655787
0.5829837230392944
0.018106001722126487
0.5982278187433419
0.00854424073427344
0.5593703295722257
0.014356902078952575
0.5853869297094517
0.013208072301274751
0.5881453824147794
0.017181971756531
0.5878766076969832
0.01172960587359467
0.5852826250476691
0.009481877604083772
0.5743278687268755
0.012335103164596038
0.601608290097561
0.008635714022993363
0.5850435105822551
0.018170495208975103
0.5989652474127428
0.00785004826864148
0.5708037128782526
0.01683470568172975
0.5811629737971971
0.01277585387357171
0.5897455201388244
0.012635056279254629
0.5892885767241534
0.010975013513608838
0.5945202378746779
0.007595665962126854
0.5656003270962247
0.014272512291166531
0.5712227601536045
0.011983067699319106
0.55534332647487
0.018723818150920165
0.5817401044604951
0.007913449680833863
0.5610649166299704
0.01275891889137713
0.5687853076044704
0.010017874523119422
0.5832884152549231
0.009506660214830254
0.5721173544856067
0.013824814377652758
0.5921575352831434
0.00797041360038082
0.5642078992469565
0.017766014189232616
0.6118803114517658
0.006793124031893546
0.6038041963774137
0.01940698054388191
0.6219696610352518
0.01252062250439007
0.6055739337391397
0.012682424046025754
0.5990057072879902
0.011550159047093264
0.5702782657360456
0.018362796842888822
0.5765480852843217
0.016230678396351606
0.5800561908073375
0.0070607088675136405
0.5558622057809097
0.015883967454307944
0.5865183970005404
0.005099130220676165
0.5570924834078654
0.012633857538693121
0.581525121645622
0.006009495785781511
0.5661925140488762
0.008432778243402633
0.5469531955357063
0.01262942828544975
0.5890410597452743
0.0067696759496010395
0.5460440076127789
0.020364300414308794
0.5988848818783392
0.007897187597695261
0.5724552766370125
0.016734959970989106
0.6081331713477496
0.009388263790056606
0.6017156386642319
0.014123351363463713
0.59782754316982
0.010151549890271309
0.6081066672859776
0.007935062980531845
0.5783774321566029
0.011728796602029645
0.6131978050780116
0.008282752971406755
0.5833769948861086
0.015609438542593062
0.6105196361744339
0.0052315065721122616
0.5795732295664752
0.013683440138535143
0.5736363059735925
0.009659128613870017
0.571571075779822
0.015257608959671851
0.5662245774094632
0.01699852237406254
0.5703659023759632
0.015194220143033788
0.5396059944903034
0.015518419558047142
0.5657600712659627
0.015489585148211634
0.5679335656760922
0.016861493877485742
0.5631244421300334
0.0105109307310015
0.5611552609829781
0.01626919506594935
0.5722139136940565
0.0157764270052449
0.6072919584849782
0.011386745038477804
0.5881409855364212
0.016329983251087248
0.6088148153297164
0.01402064757849468
0.5664860882743045
0.020477178754115453
0.6307441406795912
0.010766722473356059
0.6139963358712777
0.013926738879671169
0.6226521680501265
0.017039067872033693
0.6295324623554108
0.011621993091247177
0.5866185707613686
0.010435083900964107
0.6022624979188127
0.00781785059381978
0.5630394687955093
0.02169497602627627
0.5717711061645331
0.0067726581602363806
0.5250954925145354
0.019279507592385177
0.5563157223371997
0.00849124592223889
0.5303845240899326
0.010326443769284464
0.5437792581764478
0.011330935863283473
0.5352626464336524
0.009415808709939596
0.5241343907905265
0.02108621931941338
0.5663651664451492
0.00679888722763741
0.5572101139557586
0.0216427745940539
0.6146858465894347
0.009710059804586222
0.6136350991244618
0.015163595017251
0.6530653086781475
0.007306113375965628
0.6603770920539447
0.011976904357225347
0.6731574816409098
0.01445416993973114
0.6704953187147633
0.004716754948820139
0.641781750777937
0.014702245685404241
0.6592635084357342
0.0041512216699652925
0.5841756945002331
0.016610362508361544
0.5877101167583104
0.0037653725208484055
0.515563443343626
0.010546675785816483
0.45719632620426126
0.008855439052962542
0.3731368339309703
0.007193898037373578
0.2560470246146956
0.017291898210914765
0.178107563637587
0.011288402886148147
e
256
0.8135646255691554
0.04461057393970337
0.7306828265190376
0.01521941016990926
0.748749818855913
0.005852013991533079
0.9664403476563448
0.0021688777736539764
0.8843431243007697
0.00779309921526401
0.53471251222089
0.008153585026602402
0.3895917652426912
0.025519211236941775
0.7530064291961065
0.003908074815297192
0.4516412747753291
0.009198180500168051
0.34740297530061504
0.023374374657266606
0.6296185560807475
0.004228105056486095
0.7023123178601975
0.005782425287606415
0.302326281566448
0.017567972543283246
0.3229855674861035
0.021239972961709264
0.8429736944903576
0.004354035575168878
0.6998967903654053
0.01193227798418044
0.5920385892624574
0.0069722967388774855
0.4855049404276833
0.033216393632232194
0.6834227483166461
0.0061764913345324236
0.4730519045773036
0.01747431221791751
0.5413033803344558
0.019208174548021817
0.6230475198687164
0.026760162255248455
0.5998789223869185
0.011206575288218775
0.5504651701860105
0.017041979544858317
0.6778817000644696
0.019417995992320906
0.7837897479281453
0.017710208529246325
0.533685081878799
0.019715815666737586
0.5188284191853243
0.01477486741889394
0.6767276896076678
0.01190788977905319
0.5529051495760373
0.026080961572675664
0.49662852875700486
0.012928315220683134
0.5098231397873605
0.03183124770147647
0.6773044795218329
0.009862480073191918
0.4378341251790297
0.037735206560467124
0.4581141746369332
0.024665097352394697
0.6676958814285401
0.014656082703683576
0.6343277294527798
0.027096014040896448
0.5082456907326622
0.01581637960614741
0.5595205624496814
0.030017439515241873
0.7273983731374761
0.011950089389416765
0.5492890912202851
0.02416417411885454
0.5400139155847878
0.012274187675646878
0.6298852338546933
0.017143521483318894
0.6627660314694652
0.018501222639460746
0.5276247127026898
0.023068456355061603
0.5556286119287294
0.021153587771691768
0.7565939923467513
0.012209719998733853
0.5720096622977222
0.02239238178044079
0.5141609112432259
0.020507129339200705
0.5958426496747811
0.03277143929240319
0.6458720360974033
0.02923625088489551
0.4692626838028356
0.013146870535771984
0.4880006163633942
0.019308342382415408
0.6835501933921547
0.013296465966900007
0.5123275644492211
0.03411010374415144
0.42048271388979586
0.019120692655027798
0.6014451038592364
0.031940812852351674
0.6767274077287463
0.015603855444208364
0.5007004132392922
0.021011399717766444
0.5162324088504258
0.02172522115115593
0.7855036942328307
0.00874906817911648
0.6508975790471401
0.03909842824242446
0.46908572275130067
0.031823433692757155
0.6867007537740216
0.04338877612032859
0.7933483703042207
0.014450338212549185
0.5353002002984992
0.03284251421108377
0.46971113765770117
0.02830738948763698
0.6033954659670029
0.026281335192463128
0.5817921357667051
0.036546126882878706
0.4163076408735152
0.024877700348457894
0.5755872164972318
0.028746164901442207
0.6713611532178063
0.018000641768361275
0.5049008726054585
0.027521826295040724
0.46000827936119304
0.024407907202888674
0.6246097350671517
0.023770812816492667
0.6251323149606166
0.02857119416842512
0.4887083995319356
0.025578837482929807
0.6057850760491992
0.034649725886871055
0.7114281860112602
0.023473873032985985
0.6452135203225664
0.03333768317775815
0.5725753192759135
0.01941310122147643
0.6326923677766209
0.03409053397078961
0.6482650294613658
0.025762187468551474
0.5254448412526864
0.02189324043994297
0.5467669235417143
0.02503127854757778
0.6176782536285439
0.02032986018043246
0.5609193515254075
0.03444225472383262
0.5091625800224009
0.023884693119966438
0.5499771596840456
0.029025414803826432
0.5845601083246009
0.028981408256984854
0.551880146774543
0.021711273486433494
0.5575325792989617
0.024977146658781903
0.6299854202253805
0.017642101530694045
0.5810635165342706
0.02388416474871183
0.5518642057521123
0.020283447618694835
0.5744943769307472
0.02451490686658312
0.6204120415036883
0.025226797608133233
0.592977429587543
0.021231824723964364
0.5907064727820497
0.02787131199899439
0.5893373740634406
0.03263291690107666
0.6304575581489829
0.025245446756355493
0.576713634036981
0.018069100670253125
0.6102998828032865
0.02278988140867738
0.6290536522374733
0.020025833831562184
0.5780521811016626
0.021711841237880537
0.5626328644319971
0.01622382405551217
0.5488397354196655
0.022311035858670024
0.5586345983357992
0.02580673348049679
0.5192226737887135
0.01827030037235786
0.5382893777234051
0.022592952366465927
0.5528100739400468
0.01851266397041739
0.5673338589569685
0.01969719226869688
0.560023860715107
0.021708866109915122
0.613857622128028
0.018182490989960415
0.6228454276719737
0.031012251565311795
0.6004462347068112
0.031274078295308906
0.6532467181618259
0.027204665609931768
0.6851922530048074
0.02380781747443729
0.6443792624818533
0.024785656777883545
0.5925270529181512
0.022794937685485257
0.5634712620236619
0.01957644349477969
0.5517110536777953
0.02578130550412393
0.5077287330179956
0.025053359765929862
0.42023031393719396
0.025925329261903135
0.4702602948704113
0.020192635751904366
0.5331192247644938
0.018944834468594365
0.5957354718457377
0.023092662142173682
0.660637790354972
0.022360481176192548
0.6866384475342329
0.02149022941402489
0.6831542480171336
0.02550791476547138
0.6464162320313772
0.01714565566650866
0.6238347380080269
0.023296563001433058
0.604652242972547
0.01921231322539757
0.5374411483502768
0.025890308311806713
0.5704888954531382
0.02184550284244411
0.5061260891709685
0.025135302654388215
0.5247026193916542
0.024894074075581064
0.516097654446462
0.01940704493258363
0.5708764286769151
0.01274829437533671
0.5840141778982006
0.019646970343894184
0.5817368695368669
0.014007699929903885
0.5995237479100444
0.009807015438648908
0.593148671486807
0.012724231181168597
0.6021821218263509
0.013613536764620543
0.6096027616218905
0.01547139289967724
0.6149222443210709
0.006637834533568051
0.5933287228707946
0.01252666701676261
0.6097241858575374
0.006525762079167274
0.5989710038282978
0.012011805525386976
0.5843921067547186
0.012071347079158561
0.5745391441002301
0.010727235642899097
0.5451277583611676
0.015616600624444046
0.5716394506302753
0.007906220477188794
0.5367748912847785
0.015039183390335803
0.5679207093035574
0.010376584967222035
0.5585343621012036
0.022526178763813586
0.5956751581150284
0.01116183479821739
0.6122731250559116
0.018889070225655787
0.5829837230392944
0.018106001722126487
0.5982278187433419
0.00854424073427344
0.5593703295722257
0.014356902078952575
0.5853869297094517
0.013208072301274751
0.5881453824147794
0.017181971756531
0.5878766076969832
0.01172960587359467
0.5852826250476691
0.009481877604083772
0.5743278687268755
0.012335103164596038
0.601608290097561
0.008635714022993363
0.5850435105822551
0.018170495208975103
0.5989652474127428
0.00785004826864148
0.5708037128782526
0.01683470568172975
0.5811629737971971
0.01277585387357171
0.5897455201388244
0.012635056279254629
0.5892885767241534
0.010975013513608838
0.5945202378746779
0.007595665962126854
0.5656003270962247
0.014272512291166531
0.5712227601536045
0.011983067699319106
0.55534332647487
0.018723818150920165
0.5817401044604951
0.007913449680833863
0.5610649166299704
0.01275891889137713
0.5687853076044704
0.010017874523119422
0.5832884152549231
0.009506660214830254
0.5721173544856067
0.013824814377652758
0.5921575352831434
0.00797041360038082
0.5642078992469565
0.017766014189232616
0.6118803114517658
0.006793124031893546
0.6038041963774137
0.01940698054388191
0.6219696610352518
0.01252062250439007
0.6055739337391397
0.012682424046025754
0.5990057072879902
0.011550159047093264
0.5702782657360456
0.018362796842888822
0.5765480852843217
0.016230678396351606
0.5800561908073375
0.0070607088675136405
0.5558622057809097
0.015883967454307944
0.5865183970005404
0.005099130220676165
0.5570924834078654
0.012633857538693121
0.581525121645622
0.006009495785781511
0.5661925140488762
0.008432778243402633
0.5469531955357063
0.01262942828544975
0.5890410597452743
0.0067696759496010395
0.5460440076127789
0.020364300414308794
0.5988848818783392
0.007897187597695261
0.5724552766370125
0.016734959970989106
0.6081331713477496
0.009388263790056606
0.6017156386642319
0.014123351363463713
0.59782754316982
0.010151549890271309
0.6081066672859776
0.007935062980531845
0.5783774321566029
0.011728796602029645
0.6131978050780116
0.008282752971406755
0.5833769948861086
0.015609438542593062
0.6105196361744339
0.0052315065721122616
0.5795732295664752
0.013683440138535143
0.5736363059735925
0.009659128613870017
0.571571075779822
0.015257608959671851
0.5662245774094632
0.01699852237406254
0.5703659023759632
0.015194220143033788
0.5396059944903034
0.015518419558047142
0.5657600712659627
0.015489585148211634
0.5679335656760922
0.016861493877485742
0.5631244421300334
0.0105109307310015
0.5611552609829781
0.01626919506594935
0.5722139136940565
0.0157764270052449
0.6072919584849782
0.011386745038477804
0.5881409855364212
0.016329983251087248
0.6088148153297164
0.01402064757849468
0.5664860882743045
0.020477178754115453
0.6307441406795912
0.010766722473356059
0.6139963358712777
0.013926738879671169
0.6226521680501265
0.017039067872033693
0.6295324623554108
0.011621993091247177
0.5866185707613686
0.010435083900964107
0.6022624979188127
0.00781785059381978
0.5630394687955093
0.02169497602627627
0.5717711061645331
0.0067726581602363806
0.5250954925145354
0.019279507592385177
0.5563157223371997
0.00849124592223889
0.5303845240899326
0.010326443769284464
0.5437792581764478
0.011330935863283473
0.5352626464336524
0.009415808709939596
0.5241343907905265
0.02108621931941338
0.5663651664451492
0.00679888722763741
0.5572101139557586
0.0216427745940539
0.6146858465894347
0.009710059804586222
0.6136350991244618
0.015163595017251
0.6530653086781475
0.007306113375965628
0.6603770920539447
0.011976904357225347
0.6731574816409098
0.01445416993973114
0.6704953187147633
0.004716754948820139
0.641781750777937
0.014702245685404241
0.6592635084357342
0.0041512216699652925
0.5841756945002331
0.016610362508361544
0.5877101167583104
0.0037653725208484055
0.515563443343626
0.010546675785816483
0.45719632620426126
0.008855439052962542
0.3731368339309703
0.007193898037373578
0.2560470246146956
0.017291898210914765
0.178107563637587
0.011288402886148147
