i
256
0.8177952972839974
0.03854348176583921
0.7122326621748987
0.012912906529500686
0.6829639331087128
0.011743611644845563
0.9484623738202573
0.0013123103057945938
0.8841738665696118
0.008114462751508875
0.5677765404570337
0.014161821965925367
0.4492941573117507
0.01306294747659427
0.9349966141983298
0.0024969552236466675
0.6888729878276337
0.004908203701164229
0.5485977201764337
0.006016783427490464
0.5184648260670104
0.02228650076164581
0.7006425561850056
0.003389595676939717
0.34945529770730044
0.009627746505134677
0.4827643425251337
0.013719229490391957
0.5320776736367963
0.03586717552181749
0.5202401247188569
0.026003513550457387
0.41465324672559917
0.02661796467742006
0.6210757300406108
0.010120866321831635
0.7221697689398419
0.006038934460991354
0.683478049273086
0.022543158154358922
0.5932161825443656
0.014282261852811529
0.6071233018350882
0.02048582507707883
0.7526050196380456
0.0038768310925464114
0.7406506941867596
0.01737528320814958
0.6638025623212025
0.008932242647883011
0.5483882715564099
0.02710631774280245
0.6287813302716221
0.008843250878927516
0.6881451960327817
0.006153977852548595
0.6161089854815341
0.016796672214424
0.5256160977174044
0.008914154995485297
0.4698325852243423
0.020252134415627433
0.6121874770057905
0.004763354975599799
0.6017437912864098
0.022050517200258725
0.5768412362195566
0.008233991016384017
0.42782820925802767
0.023357717984731168
0.5735060781604866
0.006247846660261895
0.6591457903637237
0.005449407371497487
0.6577084456400529
0.01899767495951792
0.6148487975265924
0.005455670077855733
0.5072278411718589
0.02740592427386057
0.686489493654899
0.0029600587733149015
0.7249668617673907
0.013700521553789488
0.695748838932745
0.008476114340251414
0.5699427241900545
0.013878377608241201
0.6044722496349902
0.007667886588516174
0.6967704608280496
0.005227300038541027
0.6606737875904282
0.022761649844798233
0.6160105605069968
0.005253768823579024
0.4202422564913399
0.03661614332687991
0.6021475244724195
0.003451954332371955
0.6287023769984529
0.00974363891806574
0.6131158441391807
0.009476818167252689
0.5082489857071306
0.009877189029143685
0.49288279888834163
0.01713907820013946
0.6180610860346507
0.009191433993449193
0.6362327019347096
0.016915972629084446
0.6177723813723152
0.006919735318881498
0.5011771786490947
0.024612694997519637
0.6334746691260584
0.005343342754883851
0.7045617225710471
0.011166395213570577
0.6976913838332375
0.015364649245125896
0.6289826621068676
0.015474972349384908
0.581186076904697
0.021435644944497293
0.7045636602202642
0.007104172612086129
0.6791770945501627
0.020365480578116192
0.6489940407250466
0.012064444173133623
0.528821108794376
0.020423861625252178
0.556693293139863
0.022749198560419355
0.5906935734987606
0.015050543675145064
0.5776769146175373
0.010954580062471322
0.47540305755241397
0.025062855375444355
0.545152299580151
0.013902358995745942
0.5345408858361574
0.02268185031977933
0.49478386138836206
0.021879829194369694
0.5931556765827009
0.026522361859260955
0.7662627121586526
0.023657878458343478
0.67098306221676
0.029342435892637152
0.6884494184025132
0.020522302240616228
0.7404360241515682
0.020025695749924105
0.6979788348850883
0.02079550161744618
0.5568534541108475
0.022477588713240317
0.5748216827499572
0.02266074547497037
0.6321575383460394
0.02358740807301567
0.582992305520717
0.02910595875528201
0.46983350618486286
0.029451947887188707
0.5626226139990642
0.03489632733758245
0.6225214953564111
0.020149557389887805
0.5563003105956212
0.022833896127204274
0.5383640856631743
0.02067092505289214
0.6726936227033636
0.021299681935856175
0.6215857045201356
0.025538014100197126
0.5354869687856301
0.025397043476375926
0.5908345180219071
0.03343926659979463
0.6936390669531426
0.020183204287858084
0.5742923496312977
0.03124648275072331
0.5733626869632201
0.021978343507060037
0.6816532945270983
0.0274283569396584
0.6973123888690347
0.03187058201450961
0.5788589386472098
0.021770041039897676
0.6604199614237238
0.04324529921200308
0.7457315213326693
0.027421677363466845
0.639829688360392
0.03612987673123719
0.49633384721018015
0.03149773665761224
0.5953200044497485
0.022493256733233
0.5666962264127249
0.02636706255050633
0.4291126153436508
0.02638957276626349
0.4860361013854921
0.03398368566035909
0.6094907861059087
0.019174249928032912
0.569465858525475
0.034302873865383485
0.513713305702557
0.023724812750570395
0.6316790607773856
0.037164271475770415
0.7438305049096918
0.02981295325146683
0.6412853538446575
0.03171437726451577
0.7136097179998764
0.02602548514082345
0.8091592104226141
0.0347091352632193
0.7808819496390368
0.029204738483811644
0.5819590768630463
0.027795016836083826
0.5495053388704808
0.029126482788718246
0.4992674060975949
0.020634456143050234
0.46755360658216666
0.026285052248695134
0.4604064524045476
0.023601216163291062
0.565557207494068
0.03121750198413284
0.6229197289463216
0.027050860979940805
0.5575847276357078
0.022673291308573415
0.6000676530762789
0.022878244025891677
0.6302487625012808
0.026027142170267463
0.6158677171579289
0.026868373116443318
0.6198008429955397
0.022379747371641577
0.645162026852258
0.02525022327064951
0.6682319950311983
0.02574600804376808
0.6128696365515273
0.028624755997932277
0.6509285370889053
0.02611077479961943
0.6461038304963196
0.02666235447898626
0.660737672491859
0.018372214271151894
0.6045014876234645
0.020153220386328045
0.6273271290958438
0.02437521816227532
0.6244100002460057
0.013767078960713117
0.5895508740821931
0.02177268605317156
0.5645871271032672
0.015918701402930058
0.47402434295463614
0.026786362154638595
0.5247238671102862
0.016938831536512017
0.5871446858708141
0.00978845326128049
0.5381098197478453
0.023743570209260746
0.5732823412299554
0.02649423938684701
0.603762760646881
0.018789916766115113
0.6438840055379382
0.022423672674988515
0.7194023552410437
0.02326448076866498
0.6803415547364426
0.03124218757761756
0.6110485051763335
0.027924500441685752
0.6405576773251511
0.01889077660262928
0.6324021986614233
0.020942160708933056
0.6674295020460599
0.018699523289415536
0.5773759559922552
0.02422934542576647
0.5820468382538655
0.018902701796394604
0.6120274394223773
0.022674386666241247
0.5943900053610588
0.022729463333130688
0.5841100664083974
0.018868425672271143
0.5613654119537193
0.023627853761441903
0.5722493681578374
0.028000226247591457
0.5843435990935666
0.016808224148013164
0.5692418278560271
0.029025256064436223
0.6255693846220345
0.0134173761237737
0.5612774243255253
0.027841105912376273
0.5595721660961954
0.027162019674102682
0.5990439038978262
0.03152325677425071
0.6199478462016511
0.021518783047159793
0.5937557033743819
0.019730388780549828
0.6275274375881156
0.027312283991071818
0.6639304871822664
0.0286740418899712
0.7081770964609646
0.021301990468764763
0.648492375326484
0.029013650533355067
0.7069196873482593
0.02015431625827926
0.6558984381569457
0.030725136422867495
0.5915508253622438
0.02162658844575007
0.5816409000268178
0.021892049134371407
0.5522121298178951
0.02658903142075757
0.5195908963874023
0.024975202381275333
0.5076362516739168
0.024025617830963138
0.573293556989918
0.015902754919661595
0.5604223358647784
0.027663579899412892
0.5089459898895969
0.027732849518087403
0.5550903357361888
0.02210874522774241
0.6377884412549468
0.014365470059935876
0.6966257737725062
0.018252406322545416
0.6612260983850422
0.016940349981604805
0.5657557080826062
0.03247971932226877
0.685217279882377
0.010988017668659974
0.725283332391928
0.017879272242972307
0.6713113843188057
0.019623321838932277
0.6192778413659549
0.011238775618088248
0.5819386133483805
0.027476959434937574
0.6520533345280299
0.010632467093887162
0.6131375713746244
0.024358638379818907
0.6120551677419469
0.010136151302594616
0.5027813147452018
0.031897897448096194
0.5033295574580569
0.022394937601205544
0.568598923533828
0.01771956205791711
0.6016098206959309
0.017060438508472667
0.5407027862881543
0.017493018902799036
0.4950778978176042
0.026294752273671722
0.5843663656798761
0.020823218307900678
0.6772334985654264
0.013829782421822884
0.6222920182716242
0.03007398828318942
0.6336391518874583
0.022794584545685843
0.6520281425395383
0.02707555073322676
0.699647950182535
0.0198308041908096
0.6665444360508179
0.032790548199590305
0.6886594331269349
0.017300097457726836
0.5890575682040435
0.03863067370660371
0.618332260402327
0.0160605782740263
0.6294421570809102
0.02307321813030642
0.6184923664379222
0.013408677767315224
0.5280922993883393
0.01451401942475202
0.50069627521181
0.01650993902389962
0.5963816434823637
0.010216596210791993
0.6172154550642712
0.013632729981619426
0.5897108285697904
0.005572244619456037
0.4492512457054513
0.023960103017638408
0.5747831229245093
0.0062574709610716175
0.6387443744034296
0.018767818817630656
0.652877210137204
0.008559919729926906
0.602311740582559
0.007094265478074782
0.5214400137243964
0.021135992942191942
0.6833241481349509
0.004534449964246174
0.6985377886438853
0.01603318975888652
0.7032673421335776
0.0038594672863435653
0.5460796124216145
0.018013136277344993
0.6427821464147129
0.004223925631300547
0.7008238974814882
0.00773817851147812
0.6932605588034753
0.01235715097104301
0.6151172819126968
0.004662692979944296
0.4587887050266192
0.028025595504030637
0.6126633362475908
0.0028787513495808657
0.6230147242868138
0.018174715113799474
0.5984943533789768
0.00483049223593082
0.47089538571884226
0.010814872998944255
0.49423547719883515
0.0068183029300206465
0.5993128380396923
0.00640384471294609
0.6023571437512842
0.013119414016390732
0.5884777694746389
0.003591100417105735
0.40138740490489483
0.042719379799177185
0.6422474783924641
0.002825071659141834
0.6935260619148114
0.013606507849495691
0.7335460732203922
0.005540603479502394
0.6531413631808721
0.005908397155056111
0.6524783749790275
0.007995564181028373
0.7763440758074996
0.003679776418138567
0.7790768820180778
0.01832930143184318
0.7370050025055259
0.0021789283263574026
0.5260426450205586
0.022653333259333504
0.6214396323156548
0.0021308235956824465
0.6120592871816134
0.013630125534665086
0.518940489210032
0.01153354076181078
0.3498494968696161
0.005713751764465152
0.14097961787749896
0.01547229284819901
0.17692752875143652
0.012742638455374471
i
256
0.8177952972839974
0.03854348176583921
0.7122326621748987
0.012912906529500686
0.6829639331087128
0.011743611644845563
0.9484623738202573
0.0013123103057945938
0.8841738665696118
0.008114462751508875
0.5677765404570337
0.014161821965925367
0.4492941573117507
0.01306294747659427
0.9349966141983298
0.0024969552236466675
0.6888729878276337
0.004908203701164229
0.5485977201764337
0.006016783427490464
0.5184648260670104
0.02228650076164581
0.7006425561850056
0.003389595676939717
0.34945529770730044
0.009627746505134677
0.4827643425251337
0.013719229490391957
0.5320776736367963
0.03586717552181749
0.5202401247188569
0.026003513550457387
0.41465324672559917
0.02661796467742006
0.6210757300406108
0.010120866321831635
0.7221697689398419
0.006038934460991354
0.683478049273086
0.022543158154358922
0.5932161825443656
0.014282261852811529
0.6071233018350882
0.02048582507707883
0.7526050196380456
0.0038768310925464114
0.7406506941867596
0.01737528320814958
0.6638025623212025
0.008932242647883011
0.5483882715564099
0.02710631774280245
0.6287813302716221
0.008843250878927516
0.6881451960327817
0.006153977852548595
0.6161089854815341
0.016796672214424
0.5256160977174044
0.008914154995485297
0.4698325852243423
0.020252134415627433
0.6121874770057905
0.004763354975599799
0.6017437912864098
0.022050517200258725
0.5768412362195566
0.008233991016384017
0.42782820925802767
0.023357717984731168
0.5735060781604866
0.006247846660261895
0.6591457903637237
0.005449407371497487
0.6577084456400529
0.01899767495951792
0.6148487975265924
0.005455670077855733
0.5072278411718589
0.02740592427386057
0.686489493654899
0.0029600587733149015
0.7249668617673907
0.013700521553789488
0.695748838932745
0.008476114340251414
0.5699427241900545
0.013878377608241201
0.6044722496349902
0.007667886588516174
0.6967704608280496
0.005227300038541027
0.6606737875904282
0.022761649844798233
0.6160105605069968
0.005253768823579024
0.4202422564913399
0.03661614332687991
0.6021475244724195
0.003451954332371955
0.6287023769984529
0.00974363891806574
0.6131158441391807
0.009476818167252689
0.5082489857071306
0.009877189029143685
0.49288279888834163
0.01713907820013946
0.6180610860346507
0.009191433993449193
0.6362327019347096
0.016915972629084446
0.6177723813723152
0.006919735318881498
0.5011771786490947
0.024612694997519637
0.6334746691260584
0.005343342754883851
0.7045617225710471
0.011166395213570577
0.6976913838332375
0.015364649245125896
0.6289826621068676
0.015474972349384908
0.581186076904697
0.021435644944497293
0.7045636602202642
0.007104172612086129
0.6791770945501627
0.020365480578116192
0.6489940407250466
0.012064444173133623
0.528821108794376
0.020423861625252178
0.556693293139863
0.022749198560419355
0.5906935734987606
0.015050543675145064
0.5776769146175373
0.010954580062471322
0.47540305755241397
0.025062855375444355
0.545152299580151
0.013902358995745942
0.5345408858361574
0.02268185031977933
0.49478386138836206
0.021879829194369694
0.5931556765827009
0.026522361859260955
0.7662627121586526
0.023657878458343478
0.67098306221676
0.029342435892637152
0.6884494184025132
0.020522302240616228
0.7404360241515682
0.020025695749924105
0.6979788348850883
0.02079550161744618
0.5568534541108475
0.022477588713240317
0.5748216827499572
0.02266074547497037
0.6321575383460394
0.02358740807301567
0.582992305520717
0.02910595875528201
0.46983350618486286
0.029451947887188707
0.5626226139990642
0.03489632733758245
0.6225214953564111
0.020149557389887805
0.5563003105956212
0.022833896127204274
0.5383640856631743
0.02067092505289214
0.6726936227033636
0.021299681935856175
0.6215857045201356
0.025538014100197126
0.5354869687856301
0.025397043476375926
0.5908345180219071
0.03343926659979463
0.6936390669531426
0.020183204287858084
0.5742923496312977
0.03124648275072331
0.5733626869632201
0.021978343507060037
0.6816532945270983
0.0274283569396584
0.6973123888690347
0.03187058201450961
0.5788589386472098
0.021770041039897676
0.6604199614237238
0.04324529921200308
0.7457315213326693
0.027421677363466845
0.639829688360392
0.03612987673123719
0.49633384721018015
0.03149773665761224
0.5953200044497485
0.022493256733233
0.5666962264127249
0.02636706255050633
0.4291126153436508
0.02638957276626349
0.4860361013854921
0.03398368566035909
0.6094907861059087
0.019174249928032912
0.569465858525475
0.034302873865383485
0.513713305702557
0.023724812750570395
0.6316790607773856
0.037164271475770415
0.7438305049096918
0.02981295325146683
0.6412853538446575
0.03171437726451577
0.7136097179998764
0.02602548514082345
0.8091592104226141
0.0347091352632193
0.7808819496390368
0.029204738483811644
0.5819590768630463
0.027795016836083826
0.5495053388704808
0.029126482788718246
0.4992674060975949
0.020634456143050234
0.46755360658216666
0.026285052248695134
0.4604064524045476
0.023601216163291062
0.565557207494068
0.03121750198413284
0.6229197289463216
0.027050860979940805
0.5575847276357078
0.022673291308573415
0.6000676530762789
0.022878244025891677
0.6302487625012808
0.026027142170267463
0.6158677171579289
0.026868373116443318
0.6198008429955397
0.022379747371641577
0.645162026852258
0.02525022327064951
0.6682319950311983
0.02574600804376808
0.6128696365515273
0.028624755997932277
0.6509285370889053
0.02611077479961943
0.6461038304963196
0.02666235447898626
0.660737672491859
0.018372214271151894
0.6045014876234645
0.020153220386328045
0.6273271290958438
0.02437521816227532
0.6244100002460057
0.013767078960713117
0.5895508740821931
0.02177268605317156
0.5645871271032672
0.015918701402930058
0.47402434295463614
0.026786362154638595
0.5247238671102862
0.016938831536512017
0.5871446858708141
0.00978845326128049
0.5381098197478453
0.023743570209260746
0.5732823412299554
0.02649423938684701
0.603762760646881
0.018789916766115113
0.6438840055379382
0.022423672674988515
0.7194023552410437
0.02326448076866498
0.6803415547364426
0.03124218757761756
0.6110485051763335
0.027924500441685752
0.6405576773251511
0.01889077660262928
0.6324021986614233
0.020942160708933056
0.6674295020460599
0.018699523289415536
0.5773759559922552
0.02422934542576647
0.5820468382538655
0.018902701796394604
0.6120274394223773
0.022674386666241247
0.5943900053610588
0.022729463333130688
0.5841100664083974
0.018868425672271143
0.5613654119537193
0.023627853761441903
0.5722493681578374
0.028000226247591457
0.5843435990935666
0.016808224148013164
0.5692418278560271
0.029025256064436223
0.6255693846220345
0.0134173761237737
0.5612774243255253
0.027841105912376273
0.5595721660961954
0.027162019674102682
0.5990439038978262
0.03152325677425071
0.6199478462016511
0.021518783047159793
0.5937557033743819
0.019730388780549828
0.6275274375881156
0.027312283991071818
0.6639304871822664
0.0286740418899712
0.7081770964609646
0.021301990468764763
0.648492375326484
0.029013650533355067
0.7069196873482593
0.02015431625827926
0.6558984381569457
0.030725136422867495
0.5915508253622438
0.02162658844575007
0.5816409000268178
0.021892049134371407
0.5522121298178951
0.02658903142075757
0.5195908963874023
0.024975202381275333
0.5076362516739168
0.024025617830963138
0.573293556989918
0.015902754919661595
0.5604223358647784
0.027663579899412892
0.5089459898895969
0.027732849518087403
0.5550903357361888
0.02210874522774241
0.6377884412549468
0.014365470059935876
0.6966257737725062
0.018252406322545416
0.6612260983850422
0.016940349981604805
0.5657557080826062
0.03247971932226877
0.685217279882377
0.010988017668659974
0.725283332391928
0.017879272242972307
0.6713113843188057
0.019623321838932277
0.6192778413659549
0.011238775618088248
0.5819386133483805
0.027476959434937574
0.6520533345280299
0.010632467093887162
0.6131375713746244
0.024358638379818907
0.6120551677419469
0.010136151302594616
0.5027813147452018
0.031897897448096194
0.5033295574580569
0.022394937601205544
0.568598923533828
0.01771956205791711
0.6016098206959309
0.017060438508472667
0.5407027862881543
0.017493018902799036
0.4950778978176042
0.026294752273671722
0.5843663656798761
0.020823218307900678
0.6772334985654264
0.013829782421822884
0.6222920182716242
0.03007398828318942
0.6336391518874583
0.022794584545685843
0.6520281425395383
0.02707555073322676
0.699647950182535
0.0198308041908096
0.6665444360508179
0.032790548199590305
0.6886594331269349
0.017300097457726836
0.5890575682040435
0.03863067370660371
0.618332260402327
0.0160605782740263
0.6294421570809102
0.02307321813030642
0.6184923664379222
0.013408677767315224
0.5280922993883393
0.01451401942475202
0.50069627521181
0.01650993902389962
0.5963816434823637
0.010216596210791993
0.6172154550642712
0.013632729981619426
0.5897108285697904
0.005572244619456037
0.4492512457054513
0.023960103017638408
0.5747831229245093
0.0062574709610716175
0.6387443744034296
0.018767818817630656
0.652877210137204
0.008559919729926906
0.602311740582559
0.007094265478074782
0.5214400137243964
0.021135992942191942
0.6833241481349509
0.004534449964246174
0.6985377886438853
0.01603318975888652
0.7032673421335776
0.0038594672863435653
0.5460796124216145
0.018013136277344993
0.6427821464147129
0.004223925631300547
0.7008238974814882
0.00773817851147812
0.6932605588034753
0.01235715097104301
0.6151172819126968
0.004662692979944296
0.4587887050266192
0.028025595504030637
0.6126633362475908
0.0028787513495808657
0.6230147242868138
0.018174715113799474
0.5984943533789768
0.00483049223593082
0.47089538571884226
0.010814872998944255
0.49423547719883515
0.0068183029300206465
0.5993128380396923
0.00640384471294609
0.6023571437512842
0.013119414016390732
0.5884777694746389
0.003591100417105735
0.40138740490489483
0.042719379799177185
0.6422474783924641
0.002825071659141834
0.6935260619148114
0.013606507849495691
0.7335460732203922
0.005540603479502394
0.6531413631808721
0.005908397155056111
0.6524783749790275
0.007995564181028373
0.7763440758074996
0.003679776418138567
0.7790768820180778
0.01832930143184318
0.7370050025055259
0.0021789283263574026
0.5260426450205586
0.022653333259333504
0.6214396323156548
0.0021308235956824465
0.6120592871816134
0.013630125534665086
0.518940489210032
0.01153354076181078
0.3498494968696161
0.005713751764465152
0.14097961787749896
0.01547229284819901
0.17692752875143652
0.012742638455374471
i
256
0.8177952972839974
0.03854348176583921
0.7122326621748987
0.012912906529500686
0.6829639331087128
0.011743611644845563
0.9484623738202573
0.0013123103057945938
0.8841738665696118
0.008114462751508875
0.5677765404570337
0.014161821965925367
0.4492941573117507
0.01306294747659427
0.9349966141983298
0.0024969552236466675
0.6888729878276337
0.004908203701164229
0.5485977201764337
0.006016783427490464
0.5184648260670104
0.02228650076164581
0.7006425561850056
0.003389595676939717
0.34945529770730044
0.009627746505134677
0.4827643425251337
0.013719229490391957
0.5320776736367963
0.03586717552181749
0.5202401247188569
0.026003513550457387
0.41465324672559917
0.02661796467742006
0.6210757300406108
0.010120866321831635
0.7221697689398419
0.006038934460991354
0.683478049273086
0.022543158154358922
0.5932161825443656
0.014282261852811529
0.6071233018350882
0.02048582507707883
0.7526050196380456
0.0038768310925464114
0.7406506941867596
0.01737528320814958
0.6638025623212025
0.008932242647883011
0.5483882715564099
0.02710631774280245
0.6287813302716221
0.008843250878927516
0.6881451960327817
0.006153977852548595
0.6161089854815341
0.016796672214424
0.5256160977174044
0.008914154995485297
0.4698325852243423
0.020252134415627433
0.6121874770057905
0.004763354975599799
0.6017437912864098
0.022050517200258725
0.5768412362195566
0.008233991016384017
0.42782820925802767
0.023357717984731168
0.5735060781604866
0.006247846660261895
0.6591457903637237
0.005449407371497487
0.6577084456400529
0.01899767495951792
0.6148487975265924
0.005455670077855733
0.5072278411718589
0.02740592427386057
0.686489493654899
0.0029600587733149015
0.7249668617673907
0.013700521553789488
0.695748838932745
0.008476114340251414
0.5699427241900545
0.013878377608241201
0.6044722496349902
0.007667886588516174
0.6967704608280496
0.005227300038541027
0.6606737875904282
0.022761649844798233
0.6160105605069968
0.005253768823579024
0.4202422564913399
0.03661614332687991
0.6021475244724195
0.003451954332371955
0.6287023769984529
0.00974363891806574
0.6131158441391807
0.009476818167252689
0.5082489857071306
0.009877189029143685
0.49288279888834163
0.01713907820013946
0.6180610860346507
0.009191433993449193
0.6362327019347096
0.016915972629084446
0.6177723813723152
0.006919735318881498
0.5011771786490947
0.024612694997519637
0.6334746691260584
0.005343342754883851
0.7045617225710471
0.011166395213570577
0.6976913838332375
0.015364649245125896
0.6289826621068676
0.015474972349384908
0.581186076904697
0.021435644944497293
0.7045636602202642
0.007104172612086129
0.6791770945501627
0.020365480578116192
0.6489940407250466
0.012064444173133623
0.528821108794376
0.020423861625252178
0.556693293139863
0.022749198560419355
0.5906935734987606
0.015050543675145064
0.5776769146175373
0.010954580062471322
0.47540305755241397
0.025062855375444355
0.545152299580151
0.013902358995745942
0.5345408858361574
0.02268185031977933
0.49478386138836206
0.021879829194369694
0.5931556765827009
0.026522361859260955
0.7662627121586526
0.023657878458343478
0.67098306221676
0.029342435892637152
0.6884494184025132
0.020522302240616228
0.7404360241515682
0.020025695749924105
0.6979788348850883
0.02079550161744618
0.5568534541108475
0.022477588713240317
0.5748216827499572
0.02266074547497037
0.6321575383460394
0.02358740807301567
0.582992305520717
0.02910595875528201
0.46983350618486286
0.029451947887188707
0.5626226139990642
0.03489632733758245
0.6225214953564111
0.020149557389887805
0.5563003105956212
0.022833896127204274
0.5383640856631743
0.02067092505289214
0.6726936227033636
0.021299681935856175
0.6215857045201356
0.025538014100197126
0.5354869687856301
0.025397043476375926
0.5908345180219071
0.03343926659979463
0.6936390669531426
0.020183204287858084
0.5742923496312977
0.03124648275072331
0.5733626869632201
0.021978343507060037
0.6816532945270983
0.0274283569396584
0.6973123888690347
0.03187058201450961
0.5788589386472098
0.021770041039897676
0.6604199614237238
0.04324529921200308
0.7457315213326693
0.027421677363466845
0.639829688360392
0.03612987673123719
0.49633384721018015
0.03149773665761224
0.5953200044497485
0.022493256733233
0.5666962264127249
0.02636706255050633
0.4291126153436508
0.02638957276626349
0.4860361013854921
0.03398368566035909
0.6094907861059087
0.019174249928032912
0.569465858525475
0.034302873865383485
0.513713305702557
0.023724812750570395
0.6316790607773856
0.037164271475770415
0.7438305049096918
0.02981295325146683
0.6412853538446575
0.03171437726451577
0.7136097179998764
0.02602548514082345
0.8091592104226141
0.0347091352632193
0.7808819496390368
0.029204738483811644
0.5819590768630463
0.027795016836083826
0.5495053388704808
0.029126482788718246
0.4992674060975949
0.020634456143050234
0.46755360658216666
0.026285052248695134
0.4604064524045476
0.023601216163291062
0.565557207494068
0.03121750198413284
0.6229197289463216
0.027050860979940805
0.5575847276357078
0.022673291308573415
0.6000676530762789
0.022878244025891677
0.6302487625012808
0.026027142170267463
0.6158677171579289
0.026868373116443318
0.6198008429955397
0.022379747371641577
0.645162026852258
0.02525022327064951
0.6682319950311983
0.02574600804376808
0.6128696365515273
0.028624755997932277
0.6509285370889053
0.02611077479961943
0.6461038304963196
0.02666235447898626
0.660737672491859
0.018372214271151894
0.6045014876234645
0.020153220386328045
0.6273271290958438
0.02437521816227532
0.6244100002460057
0.013767078960713117
0.5895508740821931
0.02177268605317156
0.5645871271032672
0.015918701402930058
0.47402434295463614
0.026786362154638595
0.5247238671102862
0.016938831536512017
0.5871446858708141
0.00978845326128049
0.5381098197478453
0.023743570209260746
0.5732823412299554
0.02649423938684701
0.603762760646881
0.018789916766115113
0.6438840055379382
0.022423672674988515
0.7194023552410437
0.02326448076866498
0.6803415547364426
0.03124218757761756
0.6110485051763335
0.027924500441685752
0.6405576773251511
0.01889077660262928
0.6324021986614233
0.020942160708933056
0.6674295020460599
0.018699523289415536
0.5773759559922552
0.02422934542576647
0.5820468382538655
0.018902701796394604
0.6120274394223773
0.022674386666241247
0.5943900053610588
0.022729463333130688
0.5841100664083974
0.018868425672271143
0.5613654119537193
0.023627853761441903
0.5722493681578374
0.028000226247591457
0.5843435990935666
0.016808224148013164
0.5692418278560271
0.029025256064436223
0.6255693846220345
0.0134173761237737
0.5612774243255253
0.027841105912376273
0.5595721660961954
0.027162019674102682
0.5990439038978262
0.03152325677425071
0.6199478462016511
0.021518783047159793
0.5937557033743819
0.019730388780549828
0.6275274375881156
0.027312283991071818
0.6639304871822664
0.0286740418899712
0.7081770964609646
0.021301990468764763
0.648492375326484
0.029013650533355067
0.7069196873482593
0.02015431625827926
0.6558984381569457
0.030725136422867495
0.5915508253622438
0.02162658844575007
0.5816409000268178
0.021892049134371407
0.5522121298178951
0.02658903142075757
0.5195908963874023
0.024975202381275333
0.5076362516739168
0.024025617830963138
0.573293556989918
0.015902754919661595
0.5604223358647784
0.027663579899412892
0.5089459898895969
0.027732849518087403
0.5550903357361888
0.02210874522774241
0.6377884412549468
0.014365470059935876
0.6966257737725062
0.018252406322545416
0.6612260983850422
0.016940349981604805
0.5657557080826062
0.03247971932226877
0.685217279882377
0.010988017668659974
0.725283332391928
0.017879272242972307
0.6713113843188057
0.019623321838932277
0.6192778413659549
0.011238775618088248
0.5819386133483805
0.027476959434937574
0.6520533345280299
0.010632467093887162
0.6131375713746244
0.024358638379818907
0.6120551677419469
0.010136151302594616
0.5027813147452018
0.031897897448096194
0.5033295574580569
0.022394937601205544
0.568598923533828
0.01771956205791711
0.6016098206959309
0.017060438508472667
0.5407027862881543
0.017493018902799036
0.4950778978176042
0.026294752273671722
0.5843663656798761
0.020823218307900678
0.6772334985654264
0.013829782421822884
0.6222920182716242
0.03007398828318942
0.6336391518874583
0.022794584545685843
0.6520281425395383
0.02707555073322676
0.699647950182535
0.0198308041908096
0.6665444360508179
0.032790548199590305
0.6886594331269349
0.017300097457726836
0.5890575682040435
0.03863067370660371
0.618332260402327
0.0160605782740263
0.6294421570809102
0.02307321813030642
0.6184923664379222
0.013408677767315224
0.5280922993883393
0.01451401942475202
0.50069627521181
0.01650993902389962
0.5963816434823637
0.010216596210791993
0.6172154550642712
0.013632729981619426
0.5897108285697904
0.005572244619456037
0.4492512457054513
0.023960103017638408
0.5747831229245093
0.0062574709610716175
0.6387443744034296
0.018767818817630656
0.652877210137204
0.008559919729926906
0.602311740582559
0.007094265478074782
0.5214400137243964
0.021135992942191942
0.6833241481349509
0.004534449964246174
0.6985377886438853
0.01603318975888652
0.7032673421335776
0.0038594672863435653
0.5460796124216145
0.018013136277344993
0.6427821464147129
0.004223925631300547
0.7008238974814882
0.00773817851147812
0.6932605588034753
0.01235715097104301
0.6151172819126968
0.004662692979944296
0.4587887050266192
0.028025595504030637
0.6126633362475908
0.0028787513495808657
0.6230147242868138
0.018174715113799474
0.5984943533789768
0.00483049223593082
0.47089538571884226
0.010814872998944255
0.49423547719883515
0.0068183029300206465
0.5993128380396923
0.00640384471294609
0.6023571437512842
0.013119414016390732
0.5884777694746389
0.003591100417105735
0.40138740490489483
0.042719379799177185
0.6422474783924641
0.002825071659141834
0.6935260619148114
0.013606507849495691
0.7335460732203922
0.005540603479502394
0.6531413631808721
0.005908397155056111
0.6524783749790275
0.007995564181028373
0.7763440758074996
0.003679776418138567
0.7790768820180778
0.01832930143184318
0.7370050025055259
0.0021789283263574026
0.5260426450205586
0.022653333259333504
0.6214396323156548
0.0021308235956824465
0.6120592871816134
0.013630125534665086
0.518940489210032
0.01153354076181078
0.3498494968696161
0.005713751764465152
0.14097961787749896
0.01547229284819901
0.17692752875143652
0.012742638455374471
