o
256
0.7582098880574855
0.06471455707623948
0.718394609532685
0.01665146220692832
0.7185364334818329
0.02531540096346673
0.9473561338788519
0.002685021441010472
0.8890485929237256
0.009395495016347538
0.48880819122443897
0.010105914828865225
0.2934460375546303
0.028891920757612256
0.7588987737358533
0.0045609391846391295
0.5178412392918932
0.012775779692621173
0.46365295484459657
0.018308275030278133
0.6736422082595717
0.003240953825168614
0.8232615275796352
0.003733330391733987
0.3011753463431116
0.021040708111985242
0.41508356588520046
0.020338594966547698
0.9033668490088909
0.0034007800696037893
0.8524765060947068
0.005849540896371228
0.6103474101772087
0.011448154806430156
0.42651317487961526
0.04403974619557597
0.7077981047590554
0.010680542829666
0.4472698640116345
0.04075955025041485
0.4788295846454626
0.020336156322516234
0.6366380543586402
0.016660519820659365
0.6237896434723782
0.018144279467599635
0.4523342089951094
0.02269498760172734
0.4920701015041159
0.020655971135623626
0.8359898480220661
0.006974081127485024
0.5761382238698369
0.030782589891432167
0.5429187877019063
0.038984453681778414
0.8438429914278599
0.008926707179617832
0.9334552595188006
0.006696040615663835
0.43400121590093876
0.03684022249521572
0.5166562281128491
0.02197679196590495
0.7189795726663827
0.027006898830520466
0.5720882881426268
0.03326263741366737
0.4183306517943781
0.02082159520375736
0.48955150513963985
0.025300253132112212
0.6710934314378213
0.016569248468252414
0.5546734531734574
0.015190300956056942
0.5479575625330998
0.011519017619863941
0.5880529324104413
0.029655230769158103
0.6122297648098747
0.027847908663118176
0.6105575120328466
0.023048773154629068
0.6558709489156525
0.011512760777014042
0.6590999810475594
0.012062135555080117
0.5994592246136634
0.017621158212050098
0.6283246333629042
0.013467210755146236
0.6672900144827237
0.016853043976474656
0.6870720175178348
0.017860384683865742
0.5621791315231995
0.02115105443802093
0.5946731277661982
0.011312575068758716
0.6451407107718748
0.02270719803761509
0.5991135505665511
0.01665217313976848
0.5578167742579748
0.011889133498843133
0.5412682190476631
0.014716692020079034
0.5651170452888392
0.03025648797238168
0.5970892011332476
0.012278957863266982
0.6062017907789361
0.008347827727181172
0.551136899959819
0.03269992305844556
0.5895623104158196
0.01289625722668814
0.5973705746107305
0.018105342172338813
0.6516494502429617
0.013874770236857953
0.6383075117503783
0.015052188425625026
0.5810393717430837
0.01892921566280482
0.623796665933013
0.010751135458371764
0.6715377546040099
0.013349146939529558
0.6672966646568841
0.0134227973825484
0.5820628791130785
0.016099455343526227
0.5855736392389941
0.015580918461799303
0.6401302248086496
0.018156971784458437
0.6173911525544076
0.017274824911679636
0.5442163778704961
0.0205514424006975
0.5376573954612068
0.025712308911911192
0.6226693135005382
0.024439015077185544
0.5537972423624092
0.011083241212903666
0.5319137605741974
0.031910204205751753
0.6940573850567898
0.024340067312414043
0.623920212086313
0.04810742309656185
0.5707445120147503
0.0226019873726326
0.6840127688876868
0.022120691731976255
0.7056709673211264
0.02917067389951856
0.5393814243896398
0.03091686207538611
0.5289102584375959
0.024936773422262887
0.6053186081766417
0.017958196110118434
0.6304662848986324
0.01411659423190198
0.5667679526578938
0.01657203706781799
0.5432158272314963
0.02514906379992717
0.6437504389741738
0.018609630997834675
0.6384504023922362
0.01698214097518517
0.6315676189984836
0.009968526712473193
0.5715318196466488
0.020069927790273175
0.6170728438631078
0.011896610340525152
0.6135830210314229
0.01639167473827142
0.643787344201625
0.012994336450868393
0.6129555163563257
0.01734301983244393
0.5817052993036838
0.018650296050828106
0.6209692220288472
0.010118177715409672
0.6420740090473329
0.013376294477105593
0.60956021703399
0.018622801451199333
0.55213139717632
0.016555736183015226
0.5504887382779586
0.014781802414332062
0.5864264718697176
0.02260797401895915
0.6084836552653075
0.017135983648682684
0.563297073632933
0.015889856153593302
0.550384217787219
0.020210018961768383
0.6134821236740854
0.01798751267908771
0.6155706470283427
0.01908458545240139
0.618743867253418
0.020430208176249538
0.6818939442868714
0.02733466526312802
0.73445290566432
0.0375844568265566
0.6211033686502574
0.030618789369049736
0.5962740827875693
0.029467898273016352
0.6172918984460821
0.0328842651220667
0.5678313377318716
0.025304501454930694
0.5331344390796324
0.028802740710949525
0.5711214121504236
0.02353317015961657
0.6232887921081717
0.01900044739665717
0.5669845639758543
0.024371198133609863
0.5480220764217927
0.019237519216011956
0.6366974103433838
0.021333491888480105
0.6261701331793671
0.022326400034065143
0.6031684503347137
0.017920054838119603
0.5666324723569997
0.02028490578231154
0.6181478395962676
0.009815772055558777
0.6355193872607087
0.011916443738555637
0.634198667409274
0.0153424919898305
0.6136749693684165
0.011758819590710682
0.5620451635765141
0.0192432605264397
0.6314898803126584
0.01167390809732705
0.6244866986488599
0.010036313064187502
0.6362903340385332
0.012381348402076857
0.5912352341123817
0.02339117320529774
0.5962147569029878
0.011679165830517837
0.5979859002737985
0.023873378404516723
0.6411115232990312
0.016628512617415596
0.606448947825963
0.013946393106716604
0.5358048924405808
0.02586254059646831
0.6019752953089657
0.02466960631589068
0.645230727617535
0.015082145738090188
0.5946309102141877
0.017264098830674705
0.5508559032184694
0.019321010740521328
0.5628537448273327
0.009238200530910786
0.615688270237691
0.009647769354967
0.6198952774510705
0.012703405073589797
0.6169368673120444
0.008377069418416412
0.5532148337510608
0.02426773744529039
0.6291749610704012
0.006236100631851156
0.6422503246495757
0.012661307293805343
0.6539058773049751
0.00812048165923891
0.6111682023029406
0.014368912577888157
0.5986680010718906
0.012141841113605277
0.6317717762054204
0.007215632259581864
0.64200301070959
0.011491397427307181
0.6218221579518289
0.008952398283314887
0.5354910593395318
0.020018733863613546
0.5888013881729274
0.0055494815184737424
0.6130777266410267
0.01054165120725047
0.6084681668140648
0.011566448981717648
0.5746348163409305
0.004474416975853979
0.5268088109310344
0.0157841536927271
0.60353162303099
0.007765326033007622
0.6129044765773254
0.01371187456092841
0.6147626571700417
0.007697096285341381
0.5686729387098517
0.013854258323436725
0.6133180214189069
0.0063647097851936615
0.6382893644592615
0.008291596087270299
0.6523983786133806
0.010412445479533992
0.631996524933915
0.0073330569959745625
0.5605085152892446
0.022088299585859887
0.6399122595635662
0.005002441642592766
0.645246044001183
0.014504389738743772
0.6360120919478348
0.009161489949345061
0.5818555194267808
0.010084086094165284
0.5734155410450859
0.006576628867077857
0.6291631129215258
0.008321882045241289
0.6167242762975003
0.00985236421094712
0.5946843638287151
0.004729405995649643
0.5045582145768016
0.02340306327555698
0.5848630216337962
0.005659431238335949
0.6073092080077436
0.01012199799315059
0.6064063339976248
0.008766273232011039
0.5708324727745087
0.008720841982392492
0.5747478094496717
0.011566563603074438
0.644755449228093
0.008584506502329104
0.6523389450131809
0.013727242601555579
0.6361152169264338
0.01689434319412521
0.5623837413185323
0.020887699151045384
0.6260907871328777
0.005923128394940946
0.6434542504835769
0.013280015653362504
0.6384069205404574
0.01157641637011392
0.6178683924775731
0.007107957460896865
0.5587825900702613
0.014831064337984303
0.6336729828880423
0.006937676281760827
0.6175756908993433
0.01661372060230936
0.6199423783041791
0.007477977278530462
0.5422914374721237
0.019421454856192358
0.5800969303328375
0.006941354085392916
0.6030869322553205
0.012081140109769073
0.6124865807035791
0.009044544822415476
0.5927615259721868
0.00710493277458143
0.525551632049168
0.019665495166858896
0.5999252288835546
0.00776880603287385
0.6241898768088053
0.014881117484789149
0.6292419156872022
0.009442381841880954
0.5849108700433151
0.012080713296098593
0.5879851381945997
0.006301925165633823
0.657485435880565
0.007418029537671275
0.6411676487144808
0.013089923270934656
0.6346567105038842
0.006982219689830415
0.5678540106828468
0.024895391974248053
0.6490366034762103
0.008119971665480332
0.6477358820617073
0.010535854839897434
0.6322149409249016
0.010696820511916214
0.5769263585790029
0.01466995852212955
0.5593689817571017
0.013381096246161569
0.6078661116246913
0.009876836553438075
0.6096069960883526
0.010891439182913782
0.597105655111766
0.007850851313450518
0.5116929104555108
0.022684458029744982
0.5758838718811551
0.0070025393136614825
0.6080242990959435
0.01193344373681037
0.6191549742548825
0.009403479347102334
0.5739368175725348
0.006517184002658312
0.5516010444419128
0.01134615434835188
0.640418469065003
0.006066457289674748
0.6468707352216623
0.010749335058909012
0.6505776588244772
0.006655377795964573
0.5884397292493101
0.012767951250886053
0.6373522986748235
0.0041759217846572645
0.6669759535831877
0.0073795255212357426
0.667031507539117
0.007409031359078788
0.63334458930287
0.005048709209117116
0.5428329559057344
0.018233515580576072
0.6198460166402201
0.005350332425106442
0.6212314163565205
0.011940850158134309
0.6000767312854196
0.0077590872664069195
0.5331237966592234
0.00765849181452395
0.5312564013174415
0.01009452128345505
0.5816308346107342
0.007354780553766885
0.5762089242415116
0.010023747349546423
0.5684159183185884
0.006423743372512686
0.48803675079082864
0.02528873609678834
0.6010250045301776
0.00612994041538608
0.6391349712760056
0.00967387146649445
0.676166863169879
0.0067738561308625985
0.636904481207986
0.005505979922566606
0.6426901543656456
0.007685062336690152
0.7194706279968855
0.004953051698647795
0.7303300333731573
0.009948701151009485
0.7112912553585635
0.0038989749240752416
0.5875118094818618
0.020236352208189624
0.6369645229316966
0.004117049232118524
0.6138025349631007
0.010005340513950573
0.5434014648098426
0.010770558677525719
0.42128020667188454
0.010119351986625703
0.27451461814046313
0.019580055358925586
0.24890273207789573
0.01909386424874128
o
256
0.7582098880574855
0.06471455707623948
0.718394609532685
0.01665146220692832
0.7185364334818329
0.02531540096346673
0.9473561338788519
0.002685021441010472
0.8890485929237256
0.009395495016347538
0.48880819122443897
0.010105914828865225
0.2934460375546303
0.028891920757612256
0.7588987737358533
0.0045609391846391295
0.5178412392918932
0.012775779692621173
0.46365295484459657
0.018308275030278133
0.6736422082595717
0.003240953825168614
0.8232615275796352
0.003733330391733987
0.3011753463431116
0.021040708111985242
0.41508356588520046
0.020338594966547698
0.9033668490088909
0.0034007800696037893
0.8524765060947068
0.005849540896371228
0.6103474101772087
0.011448154806430156
0.42651317487961526
0.04403974619557597
0.7077981047590554
0.010680542829666
0.4472698640116345
0.04075955025041485
0.4788295846454626
0.020336156322516234
0.6366380543586402
0.016660519820659365
0.6237896434723782
0.018144279467599635
0.4523342089951094
0.02269498760172734
0.4920701015041159
0.020655971135623626
0.8359898480220661
0.006974081127485024
0.5761382238698369
0.030782589891432167
0.5429187877019063
0.038984453681778414
0.8438429914278599
0.008926707179617832
0.9334552595188006
0.006696040615663835
0.43400121590093876
0.03684022249521572
0.5166562281128491
0.02197679196590495
0.7189795726663827
0.027006898830520466
0.5720882881426268
0.03326263741366737
0.4183306517943781
0.02082159520375736
0.48955150513963985
0.025300253132112212
0.6710934314378213
0.016569248468252414
0.5546734531734574
0.015190300956056942
0.5479575625330998
0.011519017619863941
0.5880529324104413
0.029655230769158103
0.6122297648098747
0.027847908663118176
0.6105575120328466
0.023048773154629068
0.6558709489156525
0.011512760777014042
0.6590999810475594
0.012062135555080117
0.5994592246136634
0.017621158212050098
0.6283246333629042
0.013467210755146236
0.6672900144827237
0.016853043976474656
0.6870720175178348
0.017860384683865742
0.5621791315231995
0.02115105443802093
0.5946731277661982
0.011312575068758716
0.6451407107718748
0.02270719803761509
0.5991135505665511
0.01665217313976848
0.5578167742579748
0.011889133498843133
0.5412682190476631
0.014716692020079034
0.5651170452888392
0.03025648797238168
0.5970892011332476
0.012278957863266982
0.6062017907789361
0.008347827727181172
0.551136899959819
0.03269992305844556
0.5895623104158196
0.01289625722668814
0.5973705746107305
0.018105342172338813
0.6516494502429617
0.013874770236857953
0.6383075117503783
0.015052188425625026
0.5810393717430837
0.01892921566280482
0.623796665933013
0.010751135458371764
0.6715377546040099
0.013349146939529558
0.6672966646568841
0.0134227973825484
0.5820628791130785
0.016099455343526227
0.5855736392389941
0.015580918461799303
0.6401302248086496
0.018156971784458437
0.6173911525544076
0.017274824911679636
0.5442163778704961
0.0205514424006975
0.5376573954612068
0.025712308911911192
0.6226693135005382
0.024439015077185544
0.5537972423624092
0.011083241212903666
0.5319137605741974
0.031910204205751753
0.6940573850567898
0.024340067312414043
0.623920212086313
0.04810742309656185
0.5707445120147503
0.0226019873726326
0.6840127688876868
0.022120691731976255
0.7056709673211264
0.02917067389951856
0.5393814243896398
0.03091686207538611
0.5289102584375959
0.024936773422262887
0.6053186081766417
0.017958196110118434
0.6304662848986324
0.01411659423190198
0.5667679526578938
0.01657203706781799
0.5432158272314963
0.02514906379992717
0.6437504389741738
0.018609630997834675
0.6384504023922362
0.01698214097518517
0.6315676189984836
0.009968526712473193
0.5715318196466488
0.020069927790273175
0.6170728438631078
0.011896610340525152
0.6135830210314229
0.01639167473827142
0.643787344201625
0.012994336450868393
0.6129555163563257
0.01734301983244393
0.5817052993036838
0.018650296050828106
0.6209692220288472
0.010118177715409672
0.6420740090473329
0.013376294477105593
0.60956021703399
0.018622801451199333
0.55213139717632
0.016555736183015226
0.5504887382779586
0.014781802414332062
0.5864264718697176
0.02260797401895915
0.6084836552653075
0.017135983648682684
0.563297073632933
0.015889856153593302
0.550384217787219
0.020210018961768383
0.6134821236740854
0.01798751267908771
0.6155706470283427
0.01908458545240139
0.618743867253418
0.020430208176249538
0.6818939442868714
0.02733466526312802
0.73445290566432
0.0375844568265566
0.6211033686502574
0.030618789369049736
0.5962740827875693
0.029467898273016352
0.6172918984460821
0.0328842651220667
0.5678313377318716
0.025304501454930694
0.5331344390796324
0.028802740710949525
0.5711214121504236
0.02353317015961657
0.6232887921081717
0.01900044739665717
0.5669845639758543
0.024371198133609863
0.5480220764217927
0.019237519216011956
0.6366974103433838
0.021333491888480105
0.6261701331793671
0.022326400034065143
0.6031684503347137
0.017920054838119603
0.5666324723569997
0.02028490578231154
0.6181478395962676
0.009815772055558777
0.6355193872607087
0.011916443738555637
0.634198667409274
0.0153424919898305
0.6136749693684165
0.011758819590710682
0.5620451635765141
0.0192432605264397
0.6314898803126584
0.01167390809732705
0.6244866986488599
0.010036313064187502
0.6362903340385332
0.012381348402076857
0.5912352341123817
0.02339117320529774
0.5962147569029878
0.011679165830517837
0.5979859002737985
0.023873378404516723
0.6411115232990312
0.016628512617415596
0.606448947825963
0.013946393106716604
0.5358048924405808
0.02586254059646831
0.6019752953089657
0.02466960631589068
0.645230727617535
0.015082145738090188
0.5946309102141877
0.017264098830674705
0.5508559032184694
0.019321010740521328
0.5628537448273327
0.009238200530910786
0.615688270237691
0.009647769354967
0.6198952774510705
0.012703405073589797
0.6169368673120444
0.008377069418416412
0.5532148337510608
0.02426773744529039
0.6291749610704012
0.006236100631851156
0.6422503246495757
0.012661307293805343
0.6539058773049751
0.00812048165923891
0.6111682023029406
0.014368912577888157
0.5986680010718906
0.012141841113605277
0.6317717762054204
0.007215632259581864
0.64200301070959
0.011491397427307181
0.6218221579518289
0.008952398283314887
0.5354910593395318
0.020018733863613546
0.5888013881729274
0.0055494815184737424
0.6130777266410267
0.01054165120725047
0.6084681668140648
0.011566448981717648
0.5746348163409305
0.004474416975853979
0.5268088109310344
0.0157841536927271
0.60353162303099
0.007765326033007622
0.6129044765773254
0.01371187456092841
0.6147626571700417
0.007697096285341381
0.5686729387098517
0.013854258323436725
0.6133180214189069
0.0063647097851936615
0.6382893644592615
0.008291596087270299
0.6523983786133806
0.010412445479533992
0.631996524933915
0.0073330569959745625
0.5605085152892446
0.022088299585859887
0.6399122595635662
0.005002441642592766
0.645246044001183
0.014504389738743772
0.6360120919478348
0.009161489949345061
0.5818555194267808
0.010084086094165284
0.5734155410450859
0.006576628867077857
0.6291631129215258
0.008321882045241289
0.6167242762975003
0.00985236421094712
0.5946843638287151
0.004729405995649643
0.5045582145768016
0.02340306327555698
0.5848630216337962
0.005659431238335949
0.6073092080077436
0.01012199799315059
0.6064063339976248
0.008766273232011039
0.5708324727745087
0.008720841982392492
0.5747478094496717
0.011566563603074438
0.644755449228093
0.008584506502329104
0.6523389450131809
0.013727242601555579
0.6361152169264338
0.01689434319412521
0.5623837413185323
0.020887699151045384
0.6260907871328777
0.005923128394940946
0.6434542504835769
0.013280015653362504
0.6384069205404574
0.01157641637011392
0.6178683924775731
0.007107957460896865
0.5587825900702613
0.014831064337984303
0.6336729828880423
0.006937676281760827
0.6175756908993433
0.01661372060230936
0.6199423783041791
0.007477977278530462
0.5422914374721237
0.019421454856192358
0.5800969303328375
0.006941354085392916
0.6030869322553205
0.012081140109769073
0.6124865807035791
0.009044544822415476
0.5927615259721868
0.00710493277458143
0.525551632049168
0.019665495166858896
0.5999252288835546
0.00776880603287385
0.6241898768088053
0.014881117484789149
0.6292419156872022
0.009442381841880954
0.5849108700433151
0.012080713296098593
0.5879851381945997
0.006301925165633823
0.657485435880565
0.007418029537671275
0.6411676487144808
0.013089923270934656
0.6346567105038842
0.006982219689830415
0.5678540106828468
0.024895391974248053
0.6490366034762103
0.008119971665480332
0.6477358820617073
0.010535854839897434
0.6322149409249016
0.010696820511916214
0.5769263585790029
0.01466995852212955
0.5593689817571017
0.013381096246161569
0.6078661116246913
0.009876836553438075
0.6096069960883526
0.010891439182913782
0.597105655111766
0.007850851313450518
0.5116929104555108
0.022684458029744982
0.5758838718811551
0.0070025393136614825
0.6080242990959435
0.01193344373681037
0.6191549742548825
0.009403479347102334
0.5739368175725348
0.006517184002658312
0.5516010444419128
0.01134615434835188
0.640418469065003
0.006066457289674748
0.6468707352216623
0.010749335058909012
0.6505776588244772
0.006655377795964573
0.5884397292493101
0.012767951250886053
0.6373522986748235
0.0041759217846572645
0.6669759535831877
0.0073795255212357426
0.667031507539117
0.007409031359078788
0.63334458930287
0.005048709209117116
0.5428329559057344
0.018233515580576072
0.6198460166402201
0.005350332425106442
0.6212314163565205
0.011940850158134309
0.6000767312854196
0.0077590872664069195
0.5331237966592234
0.00765849181452395
0.5312564013174415
0.01009452128345505
0.5816308346107342
0.007354780553766885
0.5762089242415116
0.010023747349546423
0.5684159183185884
0.006423743372512686
0.48803675079082864
0.02528873609678834
0.6010250045301776
0.00612994041538608
0.6391349712760056
0.00967387146649445
0.676166863169879
0.0067738561308625985
0.636904481207986
0.005505979922566606
0.6426901543656456
0.007685062336690152
0.7194706279968855
0.004953051698647795
0.7303300333731573
0.009948701151009485
0.7112912553585635
0.0038989749240752416
0.5875118094818618
0.020236352208189624
0.6369645229316966
0.004117049232118524
0.6138025349631007
0.010005340513950573
0.5434014648098426
0.010770558677525719
0.42128020667188454
0.010119351986625703
0.27451461814046313
0.019580055358925586
0.24890273207789573
0.01909386424874128
o
256
0.7582098880574855
0.06471455707623948
0.718394609532685
0.01665146220692832
0.7185364334818329
0.02531540096346673
0.9473561338788519
0.002685021441010472
0.8890485929237256
0.009395495016347538
0.48880819122443897
0.010105914828865225
0.2934460375546303
0.028891920757612256
0.7588987737358533
0.0045609391846391295
0.5178412392918932
0.012775779692621173
0.46365295484459657
0.018308275030278133
0.6736422082595717
0.003240953825168614
0.8232615275796352
0.003733330391733987
0.3011753463431116
0.021040708111985242
0.41508356588520046
0.020338594966547698
0.9033668490088909
0.0034007800696037893
0.8524765060947068
0.005849540896371228
0.6103474101772087
0.011448154806430156
0.42651317487961526
0.04403974619557597
0.7077981047590554
0.010680542829666
0.4472698640116345
0.04075955025041485
0.4788295846454626
0.020336156322516234
0.6366380543586402
0.016660519820659365
0.6237896434723782
0.018144279467599635
0.4523342089951094
0.02269498760172734
0.4920701015041159
0.020655971135623626
0.8359898480220661
0.006974081127485024
0.5761382238698369
0.030782589891432167
0.5429187877019063
0.038984453681778414
0.8438429914278599
0.008926707179617832
0.9334552595188006
0.006696040615663835
0.43400121590093876
0.03684022249521572
0.5166562281128491
0.02197679196590495
0.7189795726663827
0.027006898830520466
0.5720882881426268
0.03326263741366737
0.4183306517943781
0.02082159520375736
0.48955150513963985
0.025300253132112212
0.6710934314378213
0.016569248468252414
0.5546734531734574
0.015190300956056942
0.5479575625330998
0.011519017619863941
0.5880529324104413
0.029655230769158103
0.6122297648098747
0.027847908663118176
0.6105575120328466
0.023048773154629068
0.6558709489156525
0.011512760777014042
0.6590999810475594
0.012062135555080117
0.5994592246136634
0.017621158212050098
0.6283246333629042
0.013467210755146236
0.6672900144827237
0.016853043976474656
0.6870720175178348
0.017860384683865742
0.5621791315231995
0.02115105443802093
0.5946731277661982
0.011312575068758716
0.6451407107718748
0.02270719803761509
0.5991135505665511
0.01665217313976848
0.5578167742579748
0.011889133498843133
0.5412682190476631
0.014716692020079034
0.5651170452888392
0.03025648797238168
0.5970892011332476
0.012278957863266982
0.6062017907789361
0.008347827727181172
0.551136899959819
0.03269992305844556
0.5895623104158196
0.01289625722668814
0.5973705746107305
0.018105342172338813
0.6516494502429617
0.013874770236857953
0.6383075117503783
0.015052188425625026
0.5810393717430837
0.01892921566280482
0.623796665933013
0.010751135458371764
0.6715377546040099
0.013349146939529558
0.6672966646568841
0.0134227973825484
0.5820628791130785
0.016099455343526227
0.5855736392389941
0.015580918461799303
0.6401302248086496
0.018156971784458437
0.6173911525544076
0.017274824911679636
0.5442163778704961
0.0205514424006975
0.5376573954612068
0.025712308911911192
0.6226693135005382
0.024439015077185544
0.5537972423624092
0.011083241212903666
0.5319137605741974
0.031910204205751753
0.6940573850567898
0.024340067312414043
0.623920212086313
0.04810742309656185
0.5707445120147503
0.0226019873726326
0.6840127688876868
0.022120691731976255
0.7056709673211264
0.02917067389951856
0.5393814243896398
0.03091686207538611
0.5289102584375959
0.024936773422262887
0.6053186081766417
0.017958196110118434
0.6304662848986324
0.01411659423190198
0.5667679526578938
0.01657203706781799
0.5432158272314963
0.02514906379992717
0.6437504389741738
0.018609630997834675
0.6384504023922362
0.01698214097518517
0.6315676189984836
0.009968526712473193
0.5715318196466488
0.020069927790273175
0.6170728438631078
0.011896610340525152
0.6135830210314229
0.01639167473827142
0.643787344201625
0.012994336450868393
0.6129555163563257
0.01734301983244393
0.5817052993036838
0.018650296050828106
0.6209692220288472
0.010118177715409672
0.6420740090473329
0.013376294477105593
0.60956021703399
0.018622801451199333
0.55213139717632
0.016555736183015226
0.5504887382779586
0.014781802414332062
0.5864264718697176
0.02260797401895915
0.6084836552653075
0.017135983648682684
0.563297073632933
0.015889856153593302
0.550384217787219
0.020210018961768383
0.6134821236740854
0.01798751267908771
0.6155706470283427
0.01908458545240139
0.618743867253418
0.020430208176249538
0.6818939442868714
0.02733466526312802
0.73445290566432
0.0375844568265566
0.6211033686502574
0.030618789369049736
0.5962740827875693
0.029467898273016352
0.6172918984460821
0.0328842651220667
0.5678313377318716
0.025304501454930694
0.5331344390796324
0.028802740710949525
0.5711214121504236
0.02353317015961657
0.6232887921081717
0.01900044739665717
0.5669845639758543
0.024371198133609863
0.5480220764217927
0.019237519216011956
0.6366974103433838
0.021333491888480105
0.6261701331793671
0.022326400034065143
0.6031684503347137
0.017920054838119603
0.5666324723569997
0.02028490578231154
0.6181478395962676
0.009815772055558777
0.6355193872607087
0.011916443738555637
0.634198667409274
0.0153424919898305
0.6136749693684165
0.011758819590710682
0.5620451635765141
0.0192432605264397
0.6314898803126584
0.01167390809732705
0.6244866986488599
0.010036313064187502
0.6362903340385332
0.012381348402076857
0.5912352341123817
0.02339117320529774
0.5962147569029878
0.011679165830517837
0.5979859002737985
0.023873378404516723
0.6411115232990312
0.016628512617415596
0.606448947825963
0.013946393106716604
0.5358048924405808
0.02586254059646831
0.6019752953089657
0.02466960631589068
0.645230727617535
0.015082145738090188
0.5946309102141877
0.017264098830674705
0.5508559032184694
0.019321010740521328
0.5628537448273327
0.009238200530910786
0.615688270237691
0.009647769354967
0.6198952774510705
0.012703405073589797
0.6169368673120444
0.008377069418416412
0.5532148337510608
0.02426773744529039
0.6291749610704012
0.006236100631851156
0.6422503246495757
0.012661307293805343
0.6539058773049751
0.00812048165923891
0.6111682023029406
0.014368912577888157
0.5986680010718906
0.012141841113605277
0.6317717762054204
0.007215632259581864
0.64200301070959
0.011491397427307181
0.6218221579518289
0.008952398283314887
0.5354910593395318
0.020018733863613546
0.5888013881729274
0.0055494815184737424
0.6130777266410267
0.01054165120725047
0.6084681668140648
0.011566448981717648
0.5746348163409305
0.004474416975853979
0.5268088109310344
0.0157841536927271
0.60353162303099
0.007765326033007622
0.6129044765773254
0.01371187456092841
0.6147626571700417
0.007697096285341381
0.5686729387098517
0.013854258323436725
0.6133180214189069
0.0063647097851936615
0.6382893644592615
0.008291596087270299
0.6523983786133806
0.010412445479533992
0.631996524933915
0.0073330569959745625
0.5605085152892446
0.022088299585859887
0.6399122595635662
0.005002441642592766
0.645246044001183
0.014504389738743772
0.6360120919478348
0.009161489949345061
0.5818555194267808
0.010084086094165284
0.5734155410450859
0.006576628867077857
0.6291631129215258
0.008321882045241289
0.6167242762975003
0.00985236421094712
0.5946843638287151
0.004729405995649643
0.5045582145768016
0.02340306327555698
0.5848630216337962
0.005659431238335949
0.6073092080077436
0.01012199799315059
0.6064063339976248
0.008766273232011039
0.5708324727745087
0.008720841982392492
0.5747478094496717
0.011566563603074438
0.644755449228093
0.008584506502329104
0.6523389450131809
0.013727242601555579
0.6361152169264338
0.01689434319412521
0.5623837413185323
0.020887699151045384
0.6260907871328777
0.005923128394940946
0.6434542504835769
0.013280015653362504
0.6384069205404574
0.01157641637011392
0.6178683924775731
0.007107957460896865
0.5587825900702613
0.014831064337984303
0.6336729828880423
0.006937676281760827
0.6175756908993433
0.01661372060230936
0.6199423783041791
0.007477977278530462
0.5422914374721237
0.019421454856192358
0.5800969303328375
0.006941354085392916
0.6030869322553205
0.012081140109769073
0.6124865807035791
0.009044544822415476
0.5927615259721868
0.00710493277458143
0.525551632049168
0.019665495166858896
0.5999252288835546
0.00776880603287385
0.6241898768088053
0.014881117484789149
0.6292419156872022
0.009442381841880954
0.5849108700433151
0.012080713296098593
0.5879851381945997
0.006301925165633823
0.657485435880565
0.007418029537671275
0.6411676487144808
0.013089923270934656
0.6346567105038842
0.006982219689830415
0.5678540106828468
0.024895391974248053
0.6490366034762103
0.008119971665480332
0.6477358820617073
0.010535854839897434
0.6322149409249016
0.010696820511916214
0.5769263585790029
0.01466995852212955
0.5593689817571017
0.013381096246161569
0.6078661116246913
0.009876836553438075
0.6096069960883526
0.010891439182913782
0.597105655111766
0.007850851313450518
0.5116929104555108
0.022684458029744982
0.5758838718811551
0.0070025393136614825
0.6080242990959435
0.01193344373681037
0.6191549742548825
0.009403479347102334
0.5739368175725348
0.006517184002658312
0.5516010444419128
0.01134615434835188
0.640418469065003
0.006066457289674748
0.6468707352216623
0.010749335058909012
0.6505776588244772
0.006655377795964573
0.5884397292493101
0.012767951250886053
0.6373522986748235
0.0041759217846572645
0.6669759535831877
0.0073795255212357426
0.667031507539117
0.007409031359078788
0.63334458930287
0.005048709209117116
0.5428329559057344
0.018233515580576072
0.6198460166402201
0.005350332425106442
0.6212314163565205
0.011940850158134309
0.6000767312854196
0.0077590872664069195
0.5331237966592234
0.00765849181452395
0.5312564013174415
0.01009452128345505
0.5816308346107342
0.007354780553766885
0.5762089242415116
0.010023747349546423
0.5684159183185884
0.006423743372512686
0.48803675079082864
0.02528873609678834
0.6010250045301776
0.00612994041538608
0.6391349712760056
0.00967387146649445
0.676166863169879
0.0067738561308625985
0.636904481207986
0.005505979922566606
0.6426901543656456
0.007685062336690152
0.7194706279968855
0.004953051698647795
0.7303300333731573
0.009948701151009485
0.7112912553585635
0.0038989749240752416
0.5875118094818618
0.020236352208189624
0.6369645229316966
0.004117049232118524
0.6138025349631007
0.010005340513950573
0.5434014648098426
0.010770558677525719
0.42128020667188454
0.010119351986625703
0.27451461814046313
0.019580055358925586
0.24890273207789573
0.01909386424874128
