u
256
0.8402322841341417
0.040282160772900914
0.7189118823176794
0.018131926364348357
0.6563079441217703
0.011491144856171498
0.8488996896866086
0.0077327800703344985
0.8114392429999617
0.012870777389762073
0.4558686419936885
0.04292260163111576
0.28125237372613043
0.03133750921392186
0.8783652277790764
0.0063857363864318496
0.6915024631602457
0.009998492246019489
0.5291146972009408
0.029722864451820603
0.6882420320108296
0.010900873086006216
0.9428829937757351
0.0042611282133587555
0.42932402250028623
0.037021069157654254
0.5657140605655753
0.013886985375861246
0.5317092956594904
0.04429163382379274
0.576399317623883
0.023014605751345365
0.32915225880755494
0.023578583719154278
0.5018369566841108
0.02233441240798695
0.5784411273005496
0.030569605890965423
0.6113848104049502
0.02131875273273761
0.48646640036207467
0.02047527264008847
0.586029602225573
0.031668416759484175
0.7154038971529367
0.03849551493690353
0.6611171952123847
0.017251991976454155
0.5897895238861742
0.020715525401181992
0.9109548692199961
0.005519385658055943
0.7915152024962017
0.023672153939197867
0.6129681448401384
0.028228481385644662
0.5618336293174327
0.022641367890736334
0.5848106868960915
0.029938073981561397
0.44182051831038127
0.02091419130386144
0.5676996683873748
0.015410099174401842
0.5680478286247543
0.02718680916262639
0.6012383776381227
0.02194186170880253
0.41442025968199037
0.020993772293928396
0.5518641067388466
0.011393223294013525
0.6324861237848947
0.0174248219665321
0.6597268821422875
0.01643624981080446
0.578154563037985
0.014498067215868457
0.49329985297992823
0.025432874506133102
0.662832758208801
0.009249119533486626
0.7152199605244937
0.015696936754094594
0.6780804729000784
0.013377711368522538
0.5588453957640714
0.011861371757795312
0.606667628283384
0.009331330199564856
0.6857430836755658
0.01536766676350898
0.687551026591301
0.013698847701311351
0.6171683605779874
0.012677322673741265
0.421811571547736
0.035768947564320905
0.6253519440527451
0.008470543404336523
0.6409637963240047
0.02041487181756664
0.6312906415860003
0.01544122660532545
0.5147100045699652
0.010278602366534575
0.5198265302050984
0.01332313610079891
0.6250414769539232
0.012137132948092634
0.6475499978137101
0.017740107316818347
0.5903650417489733
0.015697624124603862
0.4413789064410844
0.027532749352046377
0.6065353765250939
0.00744435812038585
0.6701928871919558
0.01849603433609475
0.6656835054408252
0.01315688888196254
0.5984919128435486
0.008495402995615492
0.5245978865755458
0.016664402236153678
0.6753947603202478
0.008015067000324526
0.6813143727490967
0.018029617118320126
0.6510280297494836
0.01265065766986002
0.49802512273783
0.018967061193036153
0.6085490209423536
0.006955657850230182
0.6584757545739032
0.015373113313039416
0.6607679950747899
0.016235664721417426
0.5766623355659877
0.009294703568029316
0.43641341235733033
0.035562818341677835
0.6107803545753736
0.014039071303569411
0.6471244577056183
0.023024712997317124
0.62718011215808
0.01248541975453942
0.5285482105773102
0.015426120831995719
0.5632206682412553
0.011664262775520792
0.6537788379689815
0.012749133184554099
0.6490442951287828
0.018652541522256948
0.5987621432096898
0.013497164992477603
0.4683792115122619
0.02875126651535197
0.6414577296268226
0.00805553077576755
0.6453864112299751
0.03197790650872505
0.64266840240441
0.0182924357008976
0.5629173195837857
0.010083400029010125
0.5552190441667312
0.012803667788077774
0.6666122958888491
0.00995424700891261
0.6673827775347965
0.020886474115891056
0.6261600366358574
0.01058115200756369
0.48119731717479797
0.02839292922483328
0.6160501323389465
0.0072371042172981685
0.6659966271761196
0.017193695680960182
0.6440662879920798
0.01641525583854635
0.5870327861873225
0.01026651509608534
0.48619377202370745
0.025628060278863496
0.6470482492802221
0.011485057145863906
0.634743740411014
0.029524868530746085
0.6075005049256939
0.0203599742667132
0.4896371371097647
0.026197208309248248
0.5656600488584774
0.01636617848716432
0.6178838973964197
0.01777483374610709
0.6330792538960713
0.02271413542315564
0.5809993900851017
0.018493867241446096
0.4831827370203688
0.027687695005047957
0.6200479332772596
0.019352966374860062
0.6990136736554313
0.024929017012712613
0.6583373892826339
0.045083897446630314
0.6498120633736256
0.026221276705124925
0.6903084066551677
0.0362525007615057
0.655336937502492
0.03553911716358657
0.5580082129500483
0.03929758026323329
0.5326904377776003
0.030728128080125844
0.5785537767797078
0.03457985155556297
0.561670069505387
0.02918794804470559
0.5714260106169736
0.02918979318810625
0.6085629577373283
0.025274997124405563
0.5633527138728656
0.03480905628484888
0.5352457353596186
0.041530311260768865
0.6075937164647585
0.03235325943931566
0.6382308661645498
0.03952700064669685
0.6267794563763198
0.017800953410716584
0.49031136008931914
0.02649296436124036
0.613496908974484
0.010490308788576076
0.6746616307564339
0.020147422384711833
0.6812739152852709
0.01402174314238062
0.6141090043601198
0.0077282475758915035
0.5370039477358601
0.0164016647510037
0.6703823863009137
0.009065484313920073
0.6601837818126215
0.023008852023150395
0.6496547659179973
0.00948881399934222
0.49329101074740345
0.015058278207963521
0.5861604140964429
0.0075521800819028945
0.6307004813517011
0.013953293158671828
0.6319282951263111
0.017268220792632804
0.5705137636913953
0.008488995804277201
0.43274809364724776
0.028439551304862067
0.6087659790560953
0.008092924101572804
0.633571056090416
0.02239317193176048
0.6263749608645115
0.014628786225926704
0.5326571316725127
0.01108820768783873
0.5704776340579609
0.008385797654127
0.672083755410833
0.011858233959500475
0.6729091102379792
0.01760749737744207
0.647704000765893
0.007600210622910014
0.4296783703889922
0.04765900574793519
0.6569210477813493
0.006492455809084993
0.6828994102393704
0.019086033031835814
0.6719281636542308
0.01407974175322863
0.5787301480258824
0.007418479812124151
0.556440668784396
0.011040031089465325
0.6430246174768881
0.011355081358861683
0.6504587166825787
0.022001801793067367
0.6107393004283111
0.008539985428340852
0.4408788504882928
0.027803418298466852
0.5830390647570924
0.006794004513092254
0.6317681322335678
0.016302934416627425
0.6238161896608434
0.015830199317126335
0.5637652780843467
0.008803246118062987
0.48724471448277906
0.016728441928970016
0.6386606743523887
0.008188468271534785
0.6404529909064006
0.023226031475473134
0.6398067263364076
0.011381694172792165
0.5137279527596927
0.015600722154126612
0.6180244950337463
0.0066482430546616735
0.6741221032112281
0.01237750866637026
0.6847053587918712
0.015008782184721917
0.6253783786631304
0.005574868237731773
0.47906996079160635
0.02893409823631039
0.6465836698320311
0.007924592582514203
0.6686452517023791
0.02276827276360476
0.6375470096685837
0.01587741340804824
0.5422409512097306
0.0111940593263136
0.5528404744573441
0.008319948412529426
0.6444175418455369
0.013608522474605634
0.6321752622567252
0.02001068720685177
0.6007608045622812
0.00873963529107823
0.37964474341549936
0.0471868344548813
0.6015889526517096
0.009519575264690824
0.6422413921132857
0.02038726648844923
0.642941023299784
0.014029396208077471
0.5582933283390858
0.008434919291421364
0.5566426146101962
0.011267658062998566
0.6598133662290426
0.00968544086886369
0.67526881615559
0.020895836638948118
0.6470084776901677
0.009694921700241284
0.48820034617974245
0.026963705705988224
0.629142428783929
0.006112824501192318
0.6794568055807045
0.017695585931585812
0.6688618388582975
0.012372821320323881
0.6051780174260248
0.006941017381517689
0.5060844926575988
0.014766761445668958
0.6448805340910007
0.008585155199207153
0.6230969125253891
0.029395383945001095
0.6253963360326168
0.009264845776788539
0.4754221121948368
0.01681588180626075
0.5640393081939968
0.00763626340543098
0.6239099045205962
0.014762998966488219
0.623198930380838
0.01961159113361182
0.5803133691849036
0.007773537934439042
0.44367071754580023
0.024479212452962754
0.62895454401101
0.008191829628827994
0.6626137943611321
0.022393455311490285
0.6526450669624306
0.015344425467334211
0.5606279431322074
0.017702585336240303
0.5821211323605173
0.01095677074102875
0.6899981940857957
0.017221925246609225
0.6879484627596035
0.01782108891992644
0.6529783191504969
0.009358084644357391
0.4441101092187142
0.0402218752459485
0.6526212172952708
0.007191145508106268
0.6637433013339967
0.019271010730517565
0.6567981096140898
0.013249821129395675
0.5550437504907465
0.009034172684282495
0.5267715849400918
0.011475140767370226
0.6133386678373137
0.015184973743423615
0.6167987899492321
0.023312482144971235
0.5939824693426102
0.009743208336903241
0.4206476464906876
0.024840912951412355
0.5765256648427565
0.007185822184896318
0.6312181722890969
0.017185552355791035
0.6346941884728194
0.013142892642265905
0.5896676572679349
0.008043539416057035
0.503975918708015
0.017331293705056892
0.6719076040885572
0.007898442936234866
0.6670130017652451
0.02491833488420511
0.6875479999449761
0.007849599830438729
0.5471484822132997
0.014187437181837185
0.6407924720865344
0.005514291127498598
0.6925656642052498
0.012489848871684592
0.687384839047281
0.015250176165871144
0.6246861610248249
0.006341325100484107
0.4634290021633376
0.024197530471361372
0.6206639011580208
0.00822659981635994
0.6190565939887498
0.02452302312658027
0.603092056753863
0.012263182513090751
0.4868133888473759
0.01125203747328642
0.5058183743563652
0.00983027834434046
0.5939888176733193
0.01453007446670545
0.5931244396172577
0.021708967880627816
0.5857905277676809
0.009131556030180753
0.37369849515734976
0.04537294721956908
0.6281244547034875
0.008050593840633367
0.6677456355979073
0.02167505001135864
0.7111469983539305
0.011382451221263431
0.6404644648319431
0.006254683992764122
0.6418817682584673
0.008838562178387178
0.754586205656674
0.007897538957293695
0.7605218374600863
0.020567203606311167
0.7275101411186917
0.00582088397447105
0.5306382940378651
0.02277646146289607
0.6298402435820062
0.006341674508202002
0.6222002264462926
0.019677132435628845
0.5389851803371017
0.020056144797435678
0.390567864605108
0.014759695354238147
0.19543755779097166
0.021998022162088286
0.22848984500198255
0.030938939594967196
u
256
0.8402322841341417
0.040282160772900914
0.7189118823176794
0.018131926364348357
0.6563079441217703
0.011491144856171498
0.8488996896866086
0.0077327800703344985
0.8114392429999617
0.012870777389762073
0.4558686419936885
0.04292260163111576
0.28125237372613043
0.03133750921392186
0.8783652277790764
0.0063857363864318496
0.6915024631602457
0.009998492246019489
0.5291146972009408
0.029722864451820603
0.6882420320108296
0.010900873086006216
0.9428829937757351
0.0042611282133587555
0.42932402250028623
0.037021069157654254
0.5657140605655753
0.013886985375861246
0.5317092956594904
0.04429163382379274
0.576399317623883
0.023014605751345365
0.32915225880755494
0.023578583719154278
0.5018369566841108
0.02233441240798695
0.5784411273005496
0.030569605890965423
0.6113848104049502
0.02131875273273761
0.48646640036207467
0.02047527264008847
0.586029602225573
0.031668416759484175
0.7154038971529367
0.03849551493690353
0.6611171952123847
0.017251991976454155
0.5897895238861742
0.020715525401181992
0.9109548692199961
0.005519385658055943
0.7915152024962017
0.023672153939197867
0.6129681448401384
0.028228481385644662
0.5618336293174327
0.022641367890736334
0.5848106868960915
0.029938073981561397
0.44182051831038127
0.02091419130386144
0.5676996683873748
0.015410099174401842
0.5680478286247543
0.02718680916262639
0.6012383776381227
0.02194186170880253
0.41442025968199037
0.020993772293928396
0.5518641067388466
0.011393223294013525
0.6324861237848947
0.0174248219665321
0.6597268821422875
0.01643624981080446
0.578154563037985
0.014498067215868457
0.49329985297992823
0.025432874506133102
0.662832758208801
0.009249119533486626
0.7152199605244937
0.015696936754094594
0.6780804729000784
0.013377711368522538
0.5588453957640714
0.011861371757795312
0.606667628283384
0.009331330199564856
0.6857430836755658
0.01536766676350898
0.687551026591301
0.013698847701311351
0.6171683605779874
0.012677322673741265
0.421811571547736
0.035768947564320905
0.6253519440527451
0.008470543404336523
0.6409637963240047
0.02041487181756664
0.6312906415860003
0.01544122660532545
0.5147100045699652
0.010278602366534575
0.5198265302050984
0.01332313610079891
0.6250414769539232
0.012137132948092634
0.6475499978137101
0.017740107316818347
0.5903650417489733
0.015697624124603862
0.4413789064410844
0.027532749352046377
0.6065353765250939
0.00744435812038585
0.6701928871919558
0.01849603433609475
0.6656835054408252
0.01315688888196254
0.5984919128435486
0.008495402995615492
0.5245978865755458
0.016664402236153678
0.6753947603202478
0.008015067000324526
0.6813143727490967
0.018029617118320126
0.6510280297494836
0.01265065766986002
0.49802512273783
0.018967061193036153
0.6085490209423536
0.006955657850230182
0.6584757545739032
0.015373113313039416
0.6607679950747899
0.016235664721417426
0.5766623355659877
0.009294703568029316
0.43641341235733033
0.035562818341677835
0.6107803545753736
0.014039071303569411
0.6471244577056183
0.023024712997317124
0.62718011215808
0.01248541975453942
0.5285482105773102
0.015426120831995719
0.5632206682412553
0.011664262775520792
0.6537788379689815
0.012749133184554099
0.6490442951287828
0.018652541522256948
0.5987621432096898
0.013497164992477603
0.4683792115122619
0.02875126651535197
0.6414577296268226
0.00805553077576755
0.6453864112299751
0.03197790650872505
0.64266840240441
0.0182924357008976
0.5629173195837857
0.010083400029010125
0.5552190441667312
0.012803667788077774
0.6666122958888491
0.00995424700891261
0.6673827775347965
0.020886474115891056
0.6261600366358574
0.01058115200756369
0.48119731717479797
0.02839292922483328
0.6160501323389465
0.0072371042172981685
0.6659966271761196
0.017193695680960182
0.6440662879920798
0.01641525583854635
0.5870327861873225
0.01026651509608534
0.48619377202370745
0.025628060278863496
0.6470482492802221
0.011485057145863906
0.634743740411014
0.029524868530746085
0.6075005049256939
0.0203599742667132
0.4896371371097647
0.026197208309248248
0.5656600488584774
0.01636617848716432
0.6178838973964197
0.01777483374610709
0.6330792538960713
0.02271413542315564
0.5809993900851017
0.018493867241446096
0.4831827370203688
0.027687695005047957
0.6200479332772596
0.019352966374860062
0.6990136736554313
0.024929017012712613
0.6583373892826339
0.045083897446630314
0.6498120633736256
0.026221276705124925
0.6903084066551677
0.0362525007615057
0.655336937502492
0.03553911716358657
0.5580082129500483
0.03929758026323329
0.5326904377776003
0.030728128080125844
0.5785537767797078
0.03457985155556297
0.561670069505387
0.02918794804470559
0.5714260106169736
0.02918979318810625
0.6085629577373283
0.025274997124405563
0.5633527138728656
0.03480905628484888
0.5352457353596186
0.041530311260768865
0.6075937164647585
0.03235325943931566
0.6382308661645498
0.03952700064669685
0.6267794563763198
0.017800953410716584
0.49031136008931914
0.02649296436124036
0.613496908974484
0.010490308788576076
0.6746616307564339
0.020147422384711833
0.6812739152852709
0.01402174314238062
0.6141090043601198
0.0077282475758915035
0.5370039477358601
0.0164016647510037
0.6703823863009137
0.009065484313920073
0.6601837818126215
0.023008852023150395
0.6496547659179973
0.00948881399934222
0.49329101074740345
0.015058278207963521
0.5861604140964429
0.0075521800819028945
0.6307004813517011
0.013953293158671828
0.6319282951263111
0.017268220792632804
0.5705137636913953
0.008488995804277201
0.43274809364724776
0.028439551304862067
0.6087659790560953
0.008092924101572804
0.633571056090416
0.02239317193176048
0.6263749608645115
0.014628786225926704
0.5326571316725127
0.01108820768783873
0.5704776340579609
0.008385797654127
0.672083755410833
0.011858233959500475
0.6729091102379792
0.01760749737744207
0.647704000765893
0.007600210622910014
0.4296783703889922
0.04765900574793519
0.6569210477813493
0.006492455809084993
0.6828994102393704
0.019086033031835814
0.6719281636542308
0.01407974175322863
0.5787301480258824
0.007418479812124151
0.556440668784396
0.011040031089465325
0.6430246174768881
0.011355081358861683
0.6504587166825787
0.022001801793067367
0.6107393004283111
0.008539985428340852
0.4408788504882928
0.027803418298466852
0.5830390647570924
0.006794004513092254
0.6317681322335678
0.016302934416627425
0.6238161896608434
0.015830199317126335
0.5637652780843467
0.008803246118062987
0.48724471448277906
0.016728441928970016
0.6386606743523887
0.008188468271534785
0.6404529909064006
0.023226031475473134
0.6398067263364076
0.011381694172792165
0.5137279527596927
0.015600722154126612
0.6180244950337463
0.0066482430546616735
0.6741221032112281
0.01237750866637026
0.6847053587918712
0.015008782184721917
0.6253783786631304
0.005574868237731773
0.47906996079160635
0.02893409823631039
0.6465836698320311
0.007924592582514203
0.6686452517023791
0.02276827276360476
0.6375470096685837
0.01587741340804824
0.5422409512097306
0.0111940593263136
0.5528404744573441
0.008319948412529426
0.6444175418455369
0.013608522474605634
0.6321752622567252
0.02001068720685177
0.6007608045622812
0.00873963529107823
0.37964474341549936
0.0471868344548813
0.6015889526517096
0.009519575264690824
0.6422413921132857
0.02038726648844923
0.642941023299784
0.014029396208077471
0.5582933283390858
0.008434919291421364
0.5566426146101962
0.011267658062998566
0.6598133662290426
0.00968544086886369
0.67526881615559
0.020895836638948118
0.6470084776901677
0.009694921700241284
0.48820034617974245
0.026963705705988224
0.629142428783929
0.006112824501192318
0.6794568055807045
0.017695585931585812
0.6688618388582975
0.012372821320323881
0.6051780174260248
0.006941017381517689
0.5060844926575988
0.014766761445668958
0.6448805340910007
0.008585155199207153
0.6230969125253891
0.029395383945001095
0.6253963360326168
0.009264845776788539
0.4754221121948368
0.01681588180626075
0.5640393081939968
0.00763626340543098
0.6239099045205962
0.014762998966488219
0.623198930380838
0.01961159113361182
0.5803133691849036
0.007773537934439042
0.44367071754580023
0.024479212452962754
0.62895454401101
0.008191829628827994
0.6626137943611321
0.022393455311490285
0.6526450669624306
0.015344425467334211
0.5606279431322074
0.017702585336240303
0.5821211323605173
0.01095677074102875
0.6899981940857957
0.017221925246609225
0.6879484627596035
0.01782108891992644
0.6529783191504969
0.009358084644357391
0.4441101092187142
0.0402218752459485
0.6526212172952708
0.007191145508106268
0.6637433013339967
0.019271010730517565
0.6567981096140898
0.013249821129395675
0.5550437504907465
0.009034172684282495
0.5267715849400918
0.011475140767370226
0.6133386678373137
0.015184973743423615
0.6167987899492321
0.023312482144971235
0.5939824693426102
0.009743208336903241
0.4206476464906876
0.024840912951412355
0.5765256648427565
0.007185822184896318
0.6312181722890969
0.017185552355791035
0.6346941884728194
0.013142892642265905
0.5896676572679349
0.008043539416057035
0.503975918708015
0.017331293705056892
0.6719076040885572
0.007898442936234866
0.6670130017652451
0.02491833488420511
0.6875479999449761
0.007849599830438729
0.5471484822132997
0.014187437181837185
0.6407924720865344
0.005514291127498598
0.6925656642052498
0.012489848871684592
0.687384839047281
0.015250176165871144
0.6246861610248249
0.006341325100484107
0.4634290021633376
0.024197530471361372
0.6206639011580208
0.00822659981635994
0.6190565939887498
0.02452302312658027
0.603092056753863
0.012263182513090751
0.4868133888473759
0.01125203747328642
0.5058183743563652
0.00983027834434046
0.5939888176733193
0.01453007446670545
0.5931244396172577
0.021708967880627816
0.5857905277676809
0.009131556030180753
0.37369849515734976
0.04537294721956908
0.6281244547034875
0.008050593840633367
0.6677456355979073
0.02167505001135864
0.7111469983539305
0.011382451221263431
0.6404644648319431
0.006254683992764122
0.6418817682584673
0.008838562178387178
0.754586205656674
0.007897538957293695
0.7605218374600863
0.020567203606311167
0.7275101411186917
0.00582088397447105
0.5306382940378651
0.02277646146289607
0.6298402435820062
0.006341674508202002
0.6222002264462926
0.019677132435628845
0.5389851803371017
0.020056144797435678
0.390567864605108
0.014759695354238147
0.19543755779097166
0.021998022162088286
0.22848984500198255
0.030938939594967196
u
256
0.8402322841341417
0.040282160772900914
0.7189118823176794
0.018131926364348357
0.6563079441217703
0.011491144856171498
0.8488996896866086
0.0077327800703344985
0.8114392429999617
0.012870777389762073
0.4558686419936885
0.04292260163111576
0.28125237372613043
0.03133750921392186
0.8783652277790764
0.0063857363864318496
0.6915024631602457
0.009998492246019489
0.5291146972009408
0.029722864451820603
0.6882420320108296
0.010900873086006216
0.9428829937757351
0.0042611282133587555
0.42932402250028623
0.037021069157654254
0.5657140605655753
0.013886985375861246
0.5317092956594904
0.04429163382379274
0.576399317623883
0.023014605751345365
0.32915225880755494
0.023578583719154278
0.5018369566841108
0.02233441240798695
0.5784411273005496
0.030569605890965423
0.6113848104049502
0.02131875273273761
0.48646640036207467
0.02047527264008847
0.586029602225573
0.031668416759484175
0.7154038971529367
0.03849551493690353
0.6611171952123847
0.017251991976454155
0.5897895238861742
0.020715525401181992
0.9109548692199961
0.005519385658055943
0.7915152024962017
0.023672153939197867
0.6129681448401384
0.028228481385644662
0.5618336293174327
0.022641367890736334
0.5848106868960915
0.029938073981561397
0.44182051831038127
0.02091419130386144
0.5676996683873748
0.015410099174401842
0.5680478286247543
0.02718680916262639
0.6012383776381227
0.02194186170880253
0.41442025968199037
0.020993772293928396
0.5518641067388466
0.011393223294013525
0.6324861237848947
0.0174248219665321
0.6597268821422875
0.01643624981080446
0.578154563037985
0.014498067215868457
0.49329985297992823
0.025432874506133102
0.662832758208801
0.009249119533486626
0.7152199605244937
0.015696936754094594
0.6780804729000784
0.013377711368522538
0.5588453957640714
0.011861371757795312
0.606667628283384
0.009331330199564856
0.6857430836755658
0.01536766676350898
0.687551026591301
0.013698847701311351
0.6171683605779874
0.012677322673741265
0.421811571547736
0.035768947564320905
0.6253519440527451
0.008470543404336523
0.6409637963240047
0.02041487181756664
0.6312906415860003
0.01544122660532545
0.5147100045699652
0.010278602366534575
0.5198265302050984
0.01332313610079891
0.6250414769539232
0.012137132948092634
0.6475499978137101
0.017740107316818347
0.5903650417489733
0.015697624124603862
0.4413789064410844
0.027532749352046377
0.6065353765250939
0.00744435812038585
0.6701928871919558
0.01849603433609475
0.6656835054408252
0.01315688888196254
0.5984919128435486
0.008495402995615492
0.5245978865755458
0.016664402236153678
0.6753947603202478
0.008015067000324526
0.6813143727490967
0.018029617118320126
0.6510280297494836
0.01265065766986002
0.49802512273783
0.018967061193036153
0.6085490209423536
0.006955657850230182
0.6584757545739032
0.015373113313039416
0.6607679950747899
0.016235664721417426
0.5766623355659877
0.009294703568029316
0.43641341235733033
0.035562818341677835
0.6107803545753736
0.014039071303569411
0.6471244577056183
0.023024712997317124
0.62718011215808
0.01248541975453942
0.5285482105773102
0.015426120831995719
0.5632206682412553
0.011664262775520792
0.6537788379689815
0.012749133184554099
0.6490442951287828
0.018652541522256948
0.5987621432096898
0.013497164992477603
0.4683792115122619
0.02875126651535197
0.6414577296268226
0.00805553077576755
0.6453864112299751
0.03197790650872505
0.64266840240441
0.0182924357008976
0.5629173195837857
0.010083400029010125
0.5552190441667312
0.012803667788077774
0.6666122958888491
0.00995424700891261
0.6673827775347965
0.020886474115891056
0.6261600366358574
0.01058115200756369
0.48119731717479797
0.02839292922483328
0.6160501323389465
0.0072371042172981685
0.6659966271761196
0.017193695680960182
0.6440662879920798
0.01641525583854635
0.5870327861873225
0.01026651509608534
0.48619377202370745
0.025628060278863496
0.6470482492802221
0.011485057145863906
0.634743740411014
0.029524868530746085
0.6075005049256939
0.0203599742667132
0.4896371371097647
0.026197208309248248
0.5656600488584774
0.01636617848716432
0.6178838973964197
0.01777483374610709
0.6330792538960713
0.02271413542315564
0.5809993900851017
0.018493867241446096
0.4831827370203688
0.027687695005047957
0.6200479332772596
0.019352966374860062
0.6990136736554313
0.024929017012712613
0.6583373892826339
0.045083897446630314
0.6498120633736256
0.026221276705124925
0.6903084066551677
0.0362525007615057
0.655336937502492
0.03553911716358657
0.5580082129500483
0.03929758026323329
0.5326904377776003
0.030728128080125844
0.5785537767797078
0.03457985155556297
0.561670069505387
0.02918794804470559
0.5714260106169736
0.02918979318810625
0.6085629577373283
0.025274997124405563
0.5633527138728656
0.03480905628484888
0.5352457353596186
0.041530311260768865
0.6075937164647585
0.03235325943931566
0.6382308661645498
0.03952700064669685
0.6267794563763198
0.017800953410716584
0.49031136008931914
0.02649296436124036
0.613496908974484
0.010490308788576076
0.6746616307564339
0.020147422384711833
0.6812739152852709
0.01402174314238062
0.6141090043601198
0.0077282475758915035
0.5370039477358601
0.0164016647510037
0.6703823863009137
0.009065484313920073
0.6601837818126215
0.023008852023150395
0.6496547659179973
0.00948881399934222
0.49329101074740345
0.015058278207963521
0.5861604140964429
0.0075521800819028945
0.6307004813517011
0.013953293158671828
0.6319282951263111
0.017268220792632804
0.5705137636913953
0.008488995804277201
0.43274809364724776
0.028439551304862067
0.6087659790560953
0.008092924101572804
0.633571056090416
0.02239317193176048
0.6263749608645115
0.014628786225926704
0.5326571316725127
0.01108820768783873
0.5704776340579609
0.008385797654127
0.672083755410833
0.011858233959500475
0.6729091102379792
0.01760749737744207
0.647704000765893
0.007600210622910014
0.4296783703889922
0.04765900574793519
0.6569210477813493
0.006492455809084993
0.6828994102393704
0.019086033031835814
0.6719281636542308
0.01407974175322863
0.5787301480258824
0.007418479812124151
0.556440668784396
0.011040031089465325
0.6430246174768881
0.011355081358861683
0.6504587166825787
0.022001801793067367
0.6107393004283111
0.008539985428340852
0.4408788504882928
0.027803418298466852
0.5830390647570924
0.006794004513092254
0.6317681322335678
0.016302934416627425
0.6238161896608434
0.015830199317126335
0.5637652780843467
0.008803246118062987
0.48724471448277906
0.016728441928970016
0.6386606743523887
0.008188468271534785
0.6404529909064006
0.023226031475473134
0.6398067263364076
0.011381694172792165
0.5137279527596927
0.015600722154126612
0.6180244950337463
0.0066482430546616735
0.6741221032112281
0.01237750866637026
0.6847053587918712
0.015008782184721917
0.6253783786631304
0.005574868237731773
0.47906996079160635
0.02893409823631039
0.6465836698320311
0.007924592582514203
0.6686452517023791
0.02276827276360476
0.6375470096685837
0.01587741340804824
0.5422409512097306
0.0111940593263136
0.5528404744573441
0.008319948412529426
0.6444175418455369
0.013608522474605634
0.6321752622567252
0.02001068720685177
0.6007608045622812
0.00873963529107823
0.37964474341549936
0.0471868344548813
0.6015889526517096
0.009519575264690824
0.6422413921132857
0.02038726648844923
0.642941023299784
0.014029396208077471
0.5582933283390858
0.008434919291421364
0.5566426146101962
0.011267658062998566
0.6598133662290426
0.00968544086886369
0.67526881615559
0.020895836638948118
0.6470084776901677
0.009694921700241284
0.48820034617974245
0.026963705705988224
0.629142428783929
0.006112824501192318
0.6794568055807045
0.017695585931585812
0.6688618388582975
0.012372821320323881
0.6051780174260248
0.006941017381517689
0.5060844926575988
0.014766761445668958
0.6448805340910007
0.008585155199207153
0.6230969125253891
0.029395383945001095
0.6253963360326168
0.009264845776788539
0.4754221121948368
0.01681588180626075
0.5640393081939968
0.00763626340543098
0.6239099045205962
0.014762998966488219
0.623198930380838
0.01961159113361182
0.5803133691849036
0.007773537934439042
0.44367071754580023
0.024479212452962754
0.62895454401101
0.008191829628827994
0.6626137943611321
0.022393455311490285
0.6526450669624306
0.015344425467334211
0.5606279431322074
0.017702585336240303
0.5821211323605173
0.01095677074102875
0.6899981940857957
0.017221925246609225
0.6879484627596035
0.01782108891992644
0.6529783191504969
0.009358084644357391
0.4441101092187142
0.0402218752459485
0.6526212172952708
0.007191145508106268
0.6637433013339967
0.019271010730517565
0.6567981096140898
0.013249821129395675
0.5550437504907465
0.009034172684282495
0.5267715849400918
0.011475140767370226
0.6133386678373137
0.015184973743423615
0.6167987899492321
0.023312482144971235
0.5939824693426102
0.009743208336903241
0.4206476464906876
0.024840912951412355
0.5765256648427565
0.007185822184896318
0.6312181722890969
0.017185552355791035
0.6346941884728194
0.013142892642265905
0.5896676572679349
0.008043539416057035
0.503975918708015
0.017331293705056892
0.6719076040885572
0.007898442936234866
0.6670130017652451
0.02491833488420511
0.6875479999449761
0.007849599830438729
0.5471484822132997
0.014187437181837185
0.6407924720865344
0.005514291127498598
0.6925656642052498
0.012489848871684592
0.687384839047281
0.015250176165871144
0.6246861610248249
0.006341325100484107
0.4634290021633376
0.024197530471361372
0.6206639011580208
0.00822659981635994
0.6190565939887498
0.02452302312658027
0.603092056753863
0.012263182513090751
0.4868133888473759
0.01125203747328642
0.5058183743563652
0.00983027834434046
0.5939888176733193
0.01453007446670545
0.5931244396172577
0.021708967880627816
0.5857905277676809
0.009131556030180753
0.37369849515734976
0.04537294721956908
0.6281244547034875
0.008050593840633367
0.6677456355979073
0.02167505001135864
0.7111469983539305
0.011382451221263431
0.6404644648319431
0.006254683992764122
0.6418817682584673
0.008838562178387178
0.754586205656674
0.007897538957293695
0.7605218374600863
0.020567203606311167
0.7275101411186917
0.00582088397447105
0.5306382940378651
0.02277646146289607
0.6298402435820062
0.006341674508202002
0.6222002264462926
0.019677132435628845
0.5389851803371017
0.020056144797435678
0.390567864605108
0.014759695354238147
0.19543755779097166
0.021998022162088286
0.22848984500198255
0.030938939594967196
